81.9159,81.4862,-6.29095,3582.48,189.721,118.915,-0.922588,-4.01179,2418,0.24531,149.94,0.281848,59.9847,953.635,-3.53473,-16.353,0.222297,166.542,1.04565,9.62398
81.9772,81.4453,-6.43042,3559.14,189.926,118.915,-0.787937,-4.11407,2418,0.24804,149.94,0.279104,60.0162,954.497,-3.52647,-14.517,0.0603622,161.251,1.04965,8.84646
82.0795,81.5271,-6.6038,3535.84,190.11,118.915,-0.795052,-4.19591,2418,0.24804,149.94,0.278712,59.9657,955.397,-3.52657,-12.7882,0.172097,163.271,1.0227,9.04457
82.1818,81.6499,-6.60884,3514.07,189.881,118.915,-0.682272,-4.21637,2418,0.24492,149.94,0.279104,59.9753,956.007,-3.51039,-11.2552,0.0130261,159.072,1.03071,8.89883
82.2841,81.7113,-6.57502,3491.44,189.991,118.915,-0.681273,-4.33912,2418,0.25506,149.94,0.282632,59.9562,956.865,-3.49323,-9.83198,0.116392,160.819,1.00868,9.01706
82.3864,81.834,-6.80248,3468.44,189.883,118.915,-0.532075,-4.42094,2418,0.25311,149.94,0.283612,59.967,957.465,-3.5496,-8.57573,0.0441387,157.331,1.01274,8.33011
82.3659,81.7522,-6.93939,3445.77,189.741,118.915,-0.477369,-4.42094,2418,0.24921,149.94,0.283612,59.9387,958.136,-3.61288,-7.49837,0.171211,158.876,0.990033,7.96232
82.4273,81.834,-6.89104,3424.21,189.74,118.915,-0.370983,-4.42094,2418,0.24531,149.94,0.28224,59.971,958.847,-3.68474,-6.45047,-0.0234279,155.974,1.00262,7.96035
82.55,81.9977,-6.88692,3401.64,189.799,118.915,-0.325179,-4.42094,2418,0.24258,149.94,0.283416,59.9631,959.679,-3.6977,-5.4659,0.152959,157.422,0.986627,7.98153
82.5705,81.9977,-6.9305,3378.31,189.965,118.915,-0.207186,-4.42094,2418,0.24609,149.94,0.283416,59.9476,960.538,-3.72152,-4.64983,-0.0213522,154.936,1.00387,7.94528
82.6523,82.0386,-6.86783,3355.79,190.327,118.915,-0.222037,-4.40049,2418,0.24336,149.94,0.287336,59.948,961.555,-3.69796,-3.83008,0.0535419,156.368,0.988607,7.16359
82.8365,82.1818,-6.86958,3333.28,190.181,118.915,-0.10579,-4.40049,2418,0.23946,149.94,0.292628,59.9931,962.201,-3.68928,-3.02179,-0.0188676,154.24,1.0079,6.87137
82.8365,82.2432,-6.8578,3310.87,189.701,118.915,-0.0569825,-4.56415,2418,0.24297,149.94,0.291648,59.9026,962.662,-3.55401,-2.34588,0.121854,155.579,0.996772,7.16954
83.1229,82.4068,-6.80783,3289.77,188.978,118.915,0.0578708,-5.15743,2418,0.24024,149.94,0.299488,59.9308,962.847,-3.58477,-1.65726,-0.0707592,153.73,1.00761,7.93102
83.1638,82.591,-7.32652,3266.96,188.249,118.915,0.134009,-5.36202,2418,0.24102,149.94,0.30772,59.9573,963.185,-4.09305,-1.08512,0.108405,155.034,0.932677,8.0114
83.3274,82.6319,-7.67634,3243.56,187.932,118.915,0.277515,-5.28018,2417,0.2379,149.94,0.309288,59.9978,963.757,-4.66132,-0.615564,-0.133369,153.431,0.91836,7.88905
83.3888,82.816,-7.59875,3215.8,187.716,118.915,0.363254,-5.0756,2418,0.23673,149.94,0.313208,59.9765,964.539,-5.01838,-0.231946,0.0873473,154.698,0.905397,8.58549
83.2865,82.7751,-7.40079,3185.18,187.544,118.915,0.517279,-4.97331,2418,0.22581,149.94,0.320068,59.9675,965.36,-5.17833,-0.0401442,-0.152195,153.246,0.946704,9.05718
83.8798,82.8978,-6.94028,3152.53,187.002,118.915,0.501032,-5.15743,2418,0.22815,149.94,0.325556,59.9201,966.116,-5.17266,0.305492,-0.144711,154.564,0.930653,8.90657
84.0435,83.4297,-6.96352,3118.92,187.829,118.915,0.877368,-5.40293,2418,0.22386,149.94,0.332808,59.9249,967.711,-5.4138,0.731643,-0.0207749,153.08,-0.0300375,9.01543
83.573,83.2865,-7.3209,3087.59,189.285,118.915,1.42418,-5.3211,2418,0.22152,149.94,0.334572,59.9043,969.791,-5.83997,0.905917,0.415622,153.848,0.115713,8.90834
83.1638,82.5705,-7.1411,3052.71,189.573,118.915,1.853,-5.11652,2418,0.21879,149.94,0.34104,59.9342,971.032,-5.92635,1.04864,0.0113943,152.416,-0.154166,9.05325
83.2661,82.6933,-6.99811,3017.84,191.66,118.915,1.97142,-4.9324,2418,0.21372,149.94,0.34202,59.8995,973.616,-5.91302,1.37061,0.0160234,153.544,-1.29951,8.59258
83.3684,82.7342,-7.04477,2982.07,192.448,118.915,2.17957,-4.76873,2418,0.20982,149.94,0.345352,59.9524,975.25,-5.65639,1.51562,-0.0828237,152.407,-0.113027,7.87678
83.082,82.6114,-6.72162,2948.58,192.904,118.915,2.25498,-4.9324,2418,0.19968,149.94,0.348096,59.9185,976.681,-5.24135,1.41437,0.133643,153.538,0.0251964,8.03311
83.2456,82.5296,-6.89357,2917.06,193.772,118.915,2.23052,-4.99377,2418,0.19929,149.94,0.34692,59.955,978.293,-5.08353,1.35286,-0.425398,152.688,0.169992,7.89543
83.8184,83.307,-7.07208,2886.68,193.391,118.915,2.28524,-5.09606,2418,0.18759,149.94,0.347508,59.9033,979.16,-4.91772,1.6255,0.00421411,153.778,-0.0760053,8.15503
83.4502,82.9592,-7.00915,2857.43,192.918,118.915,2.6818,-5.19835,2418,0.18603,149.94,0.340648,59.9882,979.812,-4.81223,1.44732,-0.00442887,152.611,0.426878,8.91184
83.5934,82.816,-7.29205,2828.45,192.904,118.915,2.72796,-5.28018,2418,0.17862,149.94,0.333984,59.9685,980.825,-4.85297,1.53001,-0.164625,153.683,1.22721,9.27934
83.8184,83.1024,-7.30164,2800.65,192.233,118.915,3.02479,-5.34156,2418,0.17394,149.94,0.326732,59.9531,981.302,-4.90748,1.66336,-0.0355357,152.662,0.699642,10.2171
83.3888,82.9183,-7.38752,2771.55,191.909,118.915,3.2133,-5.3211,2418,0.16458,149.94,0.314776,59.9518,982.102,-4.95914,1.57436,0.0788061,153.556,0.194749,10.8917
83.3684,82.6728,-7.23852,2742.99,191.811,118.915,3.34191,-5.28018,2418,0.15912,149.94,0.302036,59.9408,982.973,-5.02264,1.38184,-0.199884,152.715,0.53764,11.0159
83.532,82.7956,-7.40444,2713.91,192.327,118.915,3.32917,-5.19835,2418,0.15171,149.94,0.290276,59.9008,984.41,-5.0967,1.45366,-0.0430142,153.724,0.582146,10.8673
83.4297,82.8569,-7.22903,2683.26,192.708,118.915,3.54297,-5.19835,2418,0.14781,149.94,0.273812,59.9372,985.591,-5.05414,1.28349,-0.0748496,152.828,0.58934,11.5794
83.3479,82.7137,-7.06464,2652.59,192.067,118.915,3.49676,-5.0756,2418,0.14235,149.94,0.257152,59.9079,986.244,-4.97537,1.1337,-0.0129986,153.819,1.04755,12.0356
83.3888,82.7546,-7.10265,2624.79,191.731,118.915,3.47981,-5.15743,2418,0.12987,149.94,0.24108,59.9542,986.947,-4.88233,0.949531,-0.230474,153.125,0.991204,11.0667
83.9617,82.8774,-7.03095,2596.17,191.38,118.915,3.35871,-5.38247,2418,0.11778,149.94,0.220892,59.923,987.856,-4.81895,0.947973,-0.159166,154.148,0.966176,10.961
83.9821,83.2047,-7.32845,2566.71,191.506,118.915,3.61833,-5.25972,2418,0.11544,141.942,0.20384,59.946,988.846,-5.00671,0.986209,-0.108023,153.231,1.04756,11.7529
85.1278,85.2096,-7.48342,2537.18,191.382,118.915,3.9775,-5.23927,2418,0.10725,134.911,0.180516,59.95,990,-5.08268,-0.0918855,-0.0837456,153.769,0.572206,13.1614
86.3143,84.8004,-7.18984,2505.15,191.142,118.915,4.35845,-5.05515,2418,0.09633,134.911,0.157192,59.9807,991.046,-5.11812,-3.04979,-0.679285,152.576,0.677919,14.1202
86.0075,84.4526,-7.21991,2474.03,191.84,118.915,4.18349,-4.99377,2418,0.08853,134.911,0.136024,59.8884,992.064,-5.19473,-6.37085,-0.983488,153.084,1.15891,13.7615
86.9485,85.4755,-6.96574,2443.35,191.605,118.915,4.52847,-4.89148,2418,0.07683,134.911,0.111916,59.9365,993.054,-5.18931,-10.0008,-0.658295,151.296,0.716158,14.7666
85.4551,84.3504,-6.81991,2412.9,191.767,118.915,4.76553,-4.64598,2418,0.07098,134.911,0.090356,59.9173,994.554,-5.10085,-14.0192,-0.843121,150.672,0.577823,15.9559
86.969,85.8642,-6.75128,2380.49,191.431,118.915,4.72445,-4.46186,2418,0.06006,134.911,0.067424,59.9457,995.247,-4.96912,-17.8267,-1.34869,148.486,1.21406,15.3833
86.2939,84.7595,-6.43479,2349.47,191.087,118.915,4.75845,-4.03225,2418,0.05265,134.911,0.04312,59.905,996.156,-4.81446,-21.9447,-0.942068,147.232,0.597025,16.0905
84.2481,83.3684,-5.61032,2317.3,190.884,118.915,4.67603,-3.78675,2418,0.04563,134.911,0.023716,59.9236,997.027,-4.51965,-25.2864,-1.09001,144.147,0.875708,15.5163
84.5958,83.8184,-5.78451,2286.73,190.941,118.915,4.43157,-3.50034,2418,0.03588,134.911,0.006272,59.9095,998.205,-4.2246,-26.4991,-0.486221,142.278,1.21231,14.9059
84.0639,83.7162,-5.06684,2254.1,190.65,118.915,4.40034,-3.23438,2418,0.03393,134.911,-0.014308,59.9432,999.097,-3.69891,-27.4087,-0.753995,138.695,1.12187,14.9097
83.9207,83.2252,-5.24446,2228.46,190.628,118.915,4.34766,-3.09117,2418,0.02535,134.911,-0.029792,59.8879,999.842,-3.29336,-27.6156,-0.0958083,136.328,1.2115,15.5159
83.7571,83.4502,-4.72541,2201.42,190.252,118.915,4.51765,-3.21392,2418,0.02301,134.911,-0.04018,59.8911,1000.48,-2.77287,-28.0306,-0.520432,132.38,1.16074,16.1931
84.3913,82.9183,-5.66503,2177.04,189.191,118.915,4.14593,-3.07072,2418,0.02106,134.911,-0.052332,60.0334,1000.55,-2.86382,-27.853,-0.37827,130.228,1.15254,15.7555
83.6548,83.0001,-5.92347,2153.91,188.84,118.915,4.04952,-3.62308,2418,0.01404,134.911,-0.059976,60.5253,1001.52,-3.24114,-27.8815,-0.330799,126.754,1.04223,15.4223
83.6139,82.8978,-6.27277,2126.58,189.11,118.915,3.83337,-3.68446,2418,0.00858,134.911,-0.068796,60.4775,1002.69,-3.68129,-27.673,-0.238922,124.692,1.08903,15.2379
81.7931,82.4887,-6.34737,2102.54,190.354,118.915,3.80207,-3.43896,2418,0.00702,134.911,-0.072324,60.4913,1004.24,-4.12347,-27.7274,-0.429524,121.209,1.03812,16.6552
73.9168,75.3488,-5.63434,2074.67,190.34,118.915,3.52568,-3.25484,2418,-0.00389999,134.911,-0.074872,60.6538,1005.05,-3.89161,-22.709,-0.199658,119.155,1.15537,16.1325
73.9781,73.6713,-5.60058,2050.03,190.237,118.915,3.67989,-3.56171,2418,-0.01014,134.911,-0.076048,60.9377,1005.79,-3.61896,-10.9922,0.805766,116.19,1.08394,16.6862
80.7702,75.5739,-6.03527,2020.47,189.905,118.915,4.2534,-3.50034,2417,-0.01521,134.911,-0.07448,60.5913,1006.64,-3.12687,1.10253,1.75471,115.563,1.06978,18.2298
88.667,88.0942,-5.71374,2002.75,190.279,118.915,4.93953,-3.664,2418,-0.01755,134.911,-0.073696,60.6905,1007.67,-2.28227,2.63691,0.941743,114.789,1.06214,19.7443
85.5574,84.7595,-5.84897,1985.92,190.317,118.915,4.26249,-3.97087,2418,-0.02145,134.911,-0.072324,60.4792,1007.97,-1.89086,-2.1999,-1.17326,116.191,1.12892,18.9971
85.3323,84.5958,-6.59056,1969.97,189.688,118.915,3.92478,-3.88904,2418,-0.02184,134.911,-0.071932,63.2103,1008.4,-1.99646,-3.7334,-0.232736,115.611,0.995412,17.7356
83.7162,83.7775,-5.94883,1960.41,189.642,118.915,4.14174,-2.98889,2417,-0.02067,134.911,-0.07154,65.3164,1008.48,-1.26216,-5.08601,0.114935,115.607,1.113,18.8483
83.041,82.3046,-4.65277,1951.52,187.429,118.915,4.36192,-3.56171,2418,-0.01755,134.911,-0.07056,65.3241,1007.46,-0.0274867,-5.14672,0.000299855,114.199,1.15411,18.5215
84.1458,83.3274,-5.8637,1945.88,186.755,118.915,4.35483,-4.01179,2418,-0.01326,134.911,-0.068208,65.0015,1007.41,0.143144,-4.42179,0.196768,114.285,1.08114,18.6089
83.5934,83.6343,-6.8685,1943,185.009,118.915,4.39823,-4.11407,2417,-0.00663001,134.911,-0.065072,66.8251,1006,-0.0935056,-5.4561,-0.111932,113.228,0.925093,18.3434
83.2252,82.7342,-5.58913,1939.08,182.383,118.915,4.2168,-3.84812,2418,0.00312,134.911,-0.061348,71.5171,1005.29,0.217835,-6.37862,-0.552859,113.396,1.06014,16.5038
83.3888,82.8774,-5.85157,1936.41,181.745,118.915,4.30847,-4.03225,2418,0.01131,130.956,-0.057036,71.7513,1004.49,0.0951345,-5.43463,0.34285,112.099,0.972068,17.0053
83.041,82.7956,-4.91932,1933.79,179.12,118.915,4.22227,-3.88904,2418,0.01755,118.915,-0.054096,71.7668,1003.02,0.226654,-5.71492,0.0962617,112.177,1.0684,15.6993
82.6933,82.1818,-6.38255,1929.08,182.534,118.915,4.15563,-4.35957,2418,0.03003,118.915,-0.048412,71.619,1005.21,-0.19603,-4.75074,0.163073,111.064,0.947668,17.3523
82.5705,82.1,-6.11569,1925.62,181.414,118.915,3.93899,-4.23682,2419,0.03315,118.915,-0.0441,71.7071,1004.07,-0.320885,-3.48388,-0.085515,111.44,0.994536,17.0133
80.3815,82.059,-6.1547,1921.4,178.831,118.915,4.20686,-4.46186,2419,0.03705,118.915,-0.038416,71.6147,1003.05,-0.53588,-1.45768,0.203804,110.346,0.948368,16.3032
81.9977,81.4453,-6.77242,1914.65,180.054,118.915,4.61888,-4.42094,2418,0.04251,118.915,-0.031164,71.7014,1004.25,-1.18847,1.40503,0.825383,110.508,0.907763,17.9883
82.2636,81.8954,-6.34399,1905.14,179.957,118.915,4.8715,-4.2982,2419,0.05109,118.915,-0.024696,71.6035,1004.35,-1.36214,2.993,0.312874,109.946,0.931529,18.8268
83.7162,82.816,-6.08382,1893.73,179.568,118.915,4.66351,-4.13453,2419,0.05421,118.915,-0.020972,71.7501,1004.81,-1.45644,3.79111,0.27227,111.061,0.963706,18.0836
83.9003,83.4502,-5.53417,1882.52,179.617,118.915,4.61464,-4.13453,2419,0.05967,118.915,-0.016072,71.758,1005.39,-1.64784,3.02694,-0.0548839,110.969,0.991837,18.2363
82.2636,82.8774,-6.3055,1871.28,178.579,118.915,4.23306,-3.88904,2419,0.06006,118.915,-0.00999598,71.8666,1004.73,-2.15884,2.40718,-0.383575,112.164,0.950772,16.6246
79.9519,79.5427,-5.84509,1856.62,180.134,118.915,4.34645,-3.80721,2419,0.05967,118.915,-0.003724,71.8052,1006.06,-1.95279,4.65679,0.485257,111.791,0.972168,17.3689
82.3659,80.7702,-5.76354,1841.67,180.057,118.915,4.53319,-3.78675,2419,0.05967,118.915,-0.000783997,71.8282,1006.68,-1.61716,8.63281,0.626856,112.835,0.999611,18.3043
83.7775,83.3684,-5.22731,1823.23,178.797,118.915,5.0943,-3.21392,2419,0.06201,118.915,0.005684,71.7915,1006.58,-1.42295,10.522,1.18786,112.84,1.00517,17.9198
85.9052,84.0026,-4.92945,1812.57,180.069,118.915,4.8683,-3.15255,2419,0.06201,118.915,0.004312,71.8508,1007.47,-0.963909,9.12789,-0.18667,114.813,1.05811,17.9473
87.0303,86.3552,-4.13736,1803.14,178.482,118.915,4.68174,-3.2753,2419,0.06513,118.915,0.008624,71.8243,1007.04,-0.282854,6.09635,-0.0689308,115.427,1.07902,17.0159
86.1506,85.5983,-4.87057,1791.88,177.142,118.915,4.30178,-4.25728,2419,0.06942,118.915,0.009996,71.8799,1006.94,-0.497059,2.3978,-0.549916,116.888,1.03356,15.2481
82.0181,81.9568,-5.26656,1781.22,176.979,118.915,4.20592,-4.9324,2419,0.0741,118.915,0.00882,71.8154,1006.58,-1.30743,1.62014,-0.226208,116.629,0.964372,15.2056
82.591,82.4682,-7.07772,1772.4,175.963,118.915,4.45563,-4.72782,2419,0.07956,118.915,0.009996,71.8507,1006.94,-2.64033,2.40442,0.425043,117.114,0.859916,15.2663
82.6728,82.1613,-7.25463,1753.38,177.202,118.915,4.73465,-4.33912,2419,0.08034,118.915,0.010584,71.796,1008.11,-3.16669,3.12791,0.420808,116.55,0.844013,16.1535
80.0746,82.6933,-6.23551,1730.43,178.098,118.915,4.73948,-3.84812,2419,0.08112,118.915,0.010584,71.8493,1009.71,-3.05826,2.88501,0.184252,117.388,0.950944,16.7692
80.1974,82.7546,-5.00756,1710.66,178.456,118.915,4.47529,-3.58217,2419,0.08034,118.915,0.01176,71.7515,1010.47,-2.60792,3.18799,-0.254736,117.383,1.02165,15.3764
123.937,84.0435,-5.29737,1691.61,178.947,118.915,4.09993,-3.47988,2419,0.07761,118.915,0.010976,71.99,1011.71,-2.38342,2.9151,-0.159523,118.656,1.02437,14.6485
123.937,82.8978,-5.10023,1670.94,179.281,118.915,4.24911,-3.52079,2419,0.07605,118.915,0.00882,70.4812,1012.39,-1.93442,2.2567,-0.113886,118.284,1.02826,15.0311
123.916,83.1229,-4.98256,1652.63,178.768,118.915,4.44299,-3.88904,2418,0.06825,118.915,0.009016,65.9903,1012.19,-1.93089,2.25122,0.418129,118.896,1.0424,15.8317
123.937,84.4322,-4.95472,1635.28,177.737,118.915,4.64051,-4.40049,2418,0.06747,118.915,0.007056,63.001,1012.46,-1.7275,0.958276,0.10331,118.413,0.99977,15.8207
48.7534,81.2407,-5.42668,1618.93,176.043,118.915,4.26581,-4.54369,2418,0.06708,118.915,-0.003724,61.4767,1012.2,-2.38543,-1.38808,-0.775828,119.34,0.984917,14.4208
123.937,85.3528,-6.44759,1607.45,175.128,118.915,4.36727,-4.46186,2465,0.06786,118.915,-0.000391977,60.7742,1011.92,-2.76189,-1.39323,0.127449,118.584,0.891509,14.3137
123.937,84.5549,-5.58672,1585.88,174.342,118.915,4.7493,-4.72782,2575,0.06552,118.915,0.002156,60.359,1012.01,-2.32669,-3.52311,-0.157403,118.619,1.05488,16.0751
123.937,83.307,-5.1024,1563.28,170.991,118.915,4.91479,-5.05515,2683,0.0624,118.915,0.000588,60.1048,1010.7,-2.23932,-4.66738,0.027043,117.469,1.08473,15.3547
42.3501,81.5476,-6.12344,1548.69,168.675,118.915,4.02118,-6.11896,2792,0.06123,118.915,0.000196,60.0034,1009.96,-2.43315,-6.45577,-1.46279,118.205,1.10673,13.1618
42.3501,78.3357,-7.78757,1537.99,166.926,118.915,3.78418,-7.06003,2900,0.06123,118.915,0.000784,59.9352,1009.18,-3.46584,-1.96176,0.418338,117.228,1.00284,12.1932
66.1837,82.7751,-10.0603,1527.62,164.892,118.915,4.91899,-7.57148,2977,0.06357,118.915,0.002156,59.9146,1008.78,-5.03236,1.35584,1.87902,116.815,0.934967,14.819
123.937,83.307,-10.8957,1512.57,163.205,118.915,5.12818,-7.22369,2977,0.0624,118.915,0.000784,59.9456,1008.63,-5.49676,1.02929,-0.285877,116.319,0.884299,15.3058
109.616,82.4682,-10.141,1498.94,159.491,118.915,4.9181,-7.91927,2977,0.06396,118.915,0.000196,59.9664,1006.89,-5.62177,-0.282733,-0.18669,117.228,0.931218,14.0806
83.2047,82.5296,-9.87459,1478.3,157.185,118.915,4.70193,-7.03957,2977,0.06006,118.915,0.001176,59.9723,1006.33,-6.38018,-0.646211,-0.651486,116.871,0.861279,12.9563
42.3501,81.6294,-8.50306,1452.94,154.884,118.915,5.2975,-7.18278,2977,0.04953,118.915,0.00098,59.9271,1006.34,-6.49725,-1.5333,1.15826,116.803,0.97556,14.267
42.3501,80.7293,-9.32448,1434.68,155.167,118.915,4.30159,-4.6869,2977,0.04329,118.915,0.001372,59.9233,1007.26,-6.25169,-0.431784,-1.65429,116.996,0.910485,11.9241
81.5885,83.2456,-6.10502,1411.38,153.609,118.915,4.71519,-6.52812,2977,0.03003,118.915,0.001372,59.9204,1007.02,-4.5446,1.80478,1.24894,117.29,1.09265,13.096
123.937,83.8389,-6.98763,1387.61,151.844,118.915,5.55743,-5.91438,2977,0.01794,118.915,0.002156,59.9585,1007.21,-4.71838,1.90611,1.19525,116.267,0.990764,14.3
123.937,83.8798,-6.87536,1370.85,152.095,118.915,4.7383,-5.03469,2977,0.01014,118.915,0.002352,59.9429,1007.6,-4.42289,0.723565,-1.26607,117.88,1.01715,13.1425
123.937,83.8798,-5.61624,1352.05,151.184,118.915,4.66212,-4.97331,2977,0.00117,118.915,-0.00176399,59.9355,1007.85,-3.48672,0.550215,-0.00283526,117.474,1.05302,12.6666
123.937,84.1049,-5.21586,1334.83,149.545,118.915,4.93991,-5.21881,2977,-0.00506997,118.915,-0.00235199,59.881,1007.39,-2.65689,-0.932086,0.364535,117.92,1.09067,13.6356
42.3501,81.5681,-5.98533,1321.82,146.815,118.915,4.6127,-5.0756,2977,-0.01053,118.915,-0.00156798,59.8671,1006.82,-2.4901,-1.45506,-1.1676,117.478,0.985959,12.5572
42.3705,82.3659,-5.15371,1305.64,143.639,118.915,4.85746,-6.01667,2977,-0.01443,118.915,-0.001372,59.882,1005.84,-2.2618,-0.334139,1.50422,117.752,1.00227,12.5391
42.3501,82.5296,-4.98164,1293.41,141.412,118.915,4.32252,-5.66888,2977,-0.01716,118.915,-0.00293999,59.8994,1005.15,-2.97614,-1.50873,-1.00363,117.645,0.951455,10.9256
42.3501,82.2841,-4.89252,1278.43,140.045,118.915,3.55439,-4.66644,2993,-0.02496,118.915,-0.002548,59.9103,1005.07,-3.56632,-2.22914,-1.0313,118.719,0.959598,8.96875
42.3501,82.1409,-4.41864,1261.48,137.744,118.915,3.77896,-3.25484,3086,-0.03471,118.915,-0.00274398,59.9184,1004.61,-3.26216,-1.40852,0.501177,117.689,0.982184,9.03331
42.3501,81.5885,-2.88843,1247.39,135.627,118.915,3.7508,-1.33179,3195,-0.04407,118.915,-0.003136,59.9049,1004.26,-1.93418,-0.396004,0.105863,118.195,1.12436,8.61687
76.1262,82.3046,-2.37443,1236.3,135.251,118.915,3.60493,-3.4185,3303,-0.04329,118.915,-0.00196,60.1878,1004.46,-0.611918,1.01255,0.116345,117.807,1.16467,7.85129
123.937,85.5778,-4.85324,1226.31,134.024,118.915,3.65409,-4.21637,3412,-0.03978,118.915,-0.003136,65.6664,1004.09,-0.894038,0.584197,-0.172648,118.66,1.10551,8.35398
123.937,82.9592,-7.57781,1225.03,134.981,118.915,4.10108,-5.42339,3521,-0.02691,118.915,-0.00215598,77.1828,1004.81,-1.4676,0.599971,0.614676,117.737,1.0187,9.79045
123.937,83.8389,-9.25564,1222.67,134.052,118.915,4.69256,-6.24171,3614,-0.01287,118.915,-0.003724,77.9855,1004.43,-2.13231,0.458352,1.07075,117.992,1.00627,11.6767
122.239,83.5525,-10.4488,1218.5,131.679,118.915,4.67256,-6.05759,3614,0.00273,118.915,-0.00587998,76.8055,1003.68,-3.33957,-0.819921,-0.352899,117.415,0.904044,10.587
42.3501,81.1589,-9.03929,1214.56,129.334,118.915,3.55776,-5.30064,3614,0.01209,118.915,-0.00803598,77.8769,1002.74,-3.94102,-1.38368,-1.63617,118.92,0.967711,8.05637
47.26,82.1613,-9.45593,1205.77,128.421,118.915,2.91374,-3.4185,3614,0.02106,118.915,-0.00333198,78.0703,1002.72,-4.05551,0.0805418,-0.542614,118.763,0.920882,5.99187
122.955,88.667,-9.33145,1200.16,129.984,118.915,3.4759,-4.25728,3614,0.02964,118.915,-0.012936,78.1814,1003.48,-3.20595,-0.814553,1.1554,118.993,0.973997,7.86406
42.6774,81.7317,-7.6935,1190.55,128.041,118.915,4.00294,-5.64843,3614,0.03081,118.915,-0.00646798,78.1171,1003.08,-2.7452,-1.30525,0.769398,117.646,1.00108,8.71708
42.616,82.8774,-7.89924,1181.08,128.597,118.915,3.86916,-4.66644,3614,0.0351,118.915,-0.04214,78.1591,1003.42,-3.32958,-1.02371,0.173743,118.301,0.97994,8.47333
108.614,82.8978,-6.53347,1172.14,127.536,118.915,3.24509,-3.92995,3614,0.04056,118.915,-0.029008,78.1188,1003.71,-3.13648,-0.530574,-1.3411,118.09,1.01945,7.02151
123.937,86.9485,-5.72474,1164.22,125.789,118.915,2.99239,-4.99377,3614,0.04446,118.915,-0.027636,78.1454,1002.98,-3.03017,-1.35007,0.157073,118.987,1.04019,6.41199
97.2593,83.7571,-6.86453,1156.57,124.453,118.915,2.82736,-5.73026,3614,0.05382,118.915,-0.00274398,78.1421,1002.85,-4.11773,-2.63046,-0.355402,118.147,0.953783,5.97742
42.3501,80.9134,-10.8003,1145.52,128.006,118.915,2.61103,-4.40049,3614,0.0546,118.915,-0.018424,78.1583,1004.45,-5.76403,-2.15529,0.0762002,118.702,0.864952,5.7571
42.3501,81.9977,-9.92028,1132.65,127.651,118.915,2.65108,-3.47988,3614,0.05304,118.915,-0.003724,78.1229,1004.91,-5.42607,-0.20059,-0.44656,117.773,0.876862,5.38155
42.3705,82.2432,-6.15508,1116.38,130.127,118.915,3.49684,-3.78675,3614,0.04914,118.915,-0.00196,78.1062,1006.55,-3.79537,1.43337,2.19416,117.805,1.09005,8.10131
49.7559,82.1204,-6.87236,1103.41,130.788,118.915,3.8876,-4.35957,3614,0.04446,118.915,-0.000979977,78.1792,1007.22,-3.02989,2.36431,-0.0640029,117.055,1.06049,9.46011
123.916,84.3913,-5.98351,1091.88,128.741,118.915,4.08085,-5.60751,3614,0.04485,118.915,-0.000783997,78.1049,1006.95,-3.33029,1.68883,0.424809,118.029,1.04948,9.36224
123.916,84.4936,-8.45782,1083.5,126.257,118.915,4.07772,-4.62553,3614,0.0507,118.915,-1.95493e-16,78.3232,1005.88,-4.55056,-0.117224,-0.724774,117.458,0.922341,8.51722
123.937,83.7162,-9.73681,1072.02,127.445,118.915,3.42039,-3.86858,3614,0.0468,118.915,-3.00759e-17,77.5488,1006.7,-4.86963,-0.776873,-1.00388,118.74,0.901233,7.34654
109.473,82.6933,-7.13132,1056.19,125.725,118.915,3.24502,-3.35713,3614,0.03939,118.915,-0.000979977,74.8091,1006.63,-3.84836,-0.181292,0.110102,118.049,0.981608,6.93223
117.451,83.4297,-2.98176,1043.36,124.673,118.915,3.20237,-3.84812,3614,0.03042,118.915,0.000588,75.0076,1006.76,-2.75855,-1.13317,0.435703,118.788,1.11724,6.93113
45.7052,75.9626,-5.4663,1029.92,124.514,118.915,2.69061,-3.95041,3614,0.03354,118.915,-9.02276e-17,75.1457,1007.17,-3.13787,0.654375,-0.86459,118.296,1.00314,5.33697
123.937,88.7079,-6.28008,1020.44,124.431,118.915,2.84263,-3.64354,3614,0.02925,118.915,0.001568,75.265,1007.7,-3.47981,1.86326,1.02006,119.296,0.952231,5.73498
123.937,83.6139,-5.79604,1008.1,123.082,118.915,3.27812,-3.43896,3614,0.02613,118.915,0.000392,75.2353,1007.45,-3.17458,0.290644,0.127129,118.252,1.01405,6.37424
123.937,84.0639,-5.41111,998.261,121.862,118.915,2.6268,-3.80721,3614,0.02496,118.915,0.002744,75.2909,1007.37,-2.76914,0.590047,-1.11003,119.768,0.996567,5.27465
123.937,84.9027,-4.71696,985.659,124.686,118.915,2.69489,-3.82766,3614,0.02418,118.915,0.00196,75.283,1008.65,-2.80786,1.01578,0.24459,118.98,1.03079,5.3388
123.916,85.5165,-6.92948,974.378,126.25,118.915,3.00035,-3.15255,3614,0.02535,118.915,0.001372,75.3279,1010.18,-3.10553,0.898634,0.737748,119.811,0.976855,7.38392
123.937,85.721,-6.18393,966.174,122.852,118.915,3.27442,-2.37515,3614,0.02613,118.915,-0.000979977,75.4417,1008.82,-2.23162,-0.158606,0.0182585,118.772,0.995306,6.88747
123.916,84.514,-3.54754,957.757,121.353,118.915,3.21116,-3.664,3614,0.03042,118.915,-0.00235199,75.3621,1008.35,-1.39709,-0.396095,-0.0596944,119.705,1.03656,6.26196
123.937,86.9281,-3.66344,948.02,119.709,118.915,3.05142,-3.05026,3614,0.03705,118.915,-0.00235199,75.2925,1008.19,-1.37947,-1.84749,-0.837804,118.887,0.999252,5.74393
109.33,82.5705,-3.86315,939.829,119.419,118.915,2.78365,-2.82522,3614,0.04524,118.915,-0.00235199,75.444,1008.7,-1.55786,-3.28669,-0.487358,119.699,0.985553,5.67372
42.3501,81.9977,-3.78754,930.967,119.145,118.915,2.91981,-3.45942,3614,0.05421,118.915,-0.00274398,76.2528,1008.49,-1.71942,-2.98053,0.156756,118.087,1.00675,5.71294
42.3501,77.6197,-3.97874,920.578,119.1,118.915,2.91828,-4.03225,3614,0.0546,118.915,-0.002548,77.3741,1008.95,-2.33164,-0.0560771,0.781667,118.668,0.948499,5.64141
97.6071,82.8365,-4.88568,907.507,119.115,118.915,3.54242,-2.70247,3614,0.05148,118.915,0.001176,77.1925,1009.33,-2.9714,3.06691,1.69287,117.347,0.936074,6.88797
123.937,87.0099,-4.19288,896.466,118.563,118.915,3.84184,-2.66156,3614,0.0351,118.915,-0.00274398,77.4246,1009.55,-2.51143,1.60773,0.379144,118.599,0.944033,7.56684
123.937,83.2865,-1.49383,884.198,117.884,118.915,3.57362,-3.56171,3614,0.00936,118.915,0.00098,77.1633,1009.8,-1.94235,0.442077,-0.819265,117.971,1.07201,6.68067
123.916,84.7391,-2.12048,868.486,118.885,118.915,3.13302,-3.70491,3614,-0.01833,118.915,-0.00156798,77.4336,1010.84,-2.15923,-0.826079,-0.762007,119.452,0.976671,6.12434
94.2316,81.1384,-3.16248,855.648,120.114,118.915,2.71301,-3.19347,3614,-0.03666,118.915,-0.00391998,77.1485,1011.93,-2.4596,-0.543994,-0.0140464,118.611,1.05432,5.71774
123.937,85.8847,-3.28451,840.111,119.92,118.915,2.44732,-3.43896,3614,-0.04095,118.915,0.001764,77.5619,1012.16,-1.76607,-1.00606,1.0885,120.02,0.933218,5.93436
56.4456,81.5885,-2.46418,830.495,116.565,118.915,2.52237,-2.90705,3614,-0.07293,118.915,-0.00235199,73.7499,1011.12,-1.06651,-0.74099,2.319,118.736,1.18331,5.03689
123.916,88.3806,-0.839886,820.223,115.804,118.915,2.58062,-1.65911,3614,-0.03393,118.915,0.003332,67.141,1011.17,-0.0993299,-1.61093,4.42776,119.922,0.367097,5.15295
94.9681,74.5305,0.0674873,809.975,114.655,118.915,1.70505,-1.33179,3614,0.03627,118.915,0.002744,63.5641,1011.21,0.528541,-1.59921,2.27386,119.35,-0.332984,3.83851
123.937,85.4755,0.0467261,798.946,112.246,118.915,0.955037,-0.0838509,3614,0.00975,118.915,-0.000587987,61.6665,1010.54,1.05107,0.209617,3.94801,121.354,-0.459168,1.82846
123.916,86.3962,0.793649,793.909,107.871,118.915,1.20819,0.754929,3614,0.06786,118.915,-0.000783997,60.8878,1009.26,1.44807,-0.50687,3.77999,120.079,0.234931,2.07871
123.937,88.4829,1.66249,792.676,107.221,118.915,1.55834,3.04622,3614,-0.13728,118.915,0,60.4013,1009.07,2.0427,-0.795658,5.75502,121.101,-0.387525,2.78906
48.7739,81.4044,2.73004,790.697,107.513,118.915,1.80681,3.72134,3614,0.01014,118.915,-0.000587987,60.1301,1009.41,2.70355,-1.87534,4.99419,119.541,-0.474145,2.97514
