81.7317,82.5091,-5.15097,2699.11,181.781,-145.018,-1.44649,-4.15499,2492,0.06591,-119.091,0.27048,62.6364,974.337,-1.60027,-0.393318,-0.57138,-124.188,1.00506,7.99782
81.7113,82.55,-5.1018,2684.43,181.556,-145.018,-1.45419,-4.11407,2493,0.0663,-119.091,0.26362,62.6225,974.728,-1.58362,-0.435316,-0.547791,-124.161,1.00178,7.94292
81.7113,82.55,-4.99734,2668.11,181.278,-145.018,-1.44578,-4.11407,2493,0.0702,-119.091,0.254212,62.6447,975.098,-1.50787,-0.524828,-0.570311,-124.185,1.01468,7.99202
81.6908,82.5296,-4.82534,2653.03,180.889,-145.018,-1.4557,-4.15499,2493,0.07332,-119.091,0.244608,62.6371,975.337,-1.44704,-0.543441,-0.566056,-124.165,1.01242,7.9476
81.7522,82.55,-4.80995,2637.12,180.555,-145.018,-1.43356,-4.17545,2493,0.07332,-119.091,0.238336,62.6824,975.721,-1.50516,-0.544374,-0.59475,-124.199,1.00761,7.98809
81.6908,82.55,-4.96603,2622.27,180.436,-145.018,-1.37837,-4.13453,2493,0.06669,-119.091,0.22638,62.6486,976.119,-1.5736,-0.533036,-0.531032,-124.222,0.993709,7.95103
81.7113,82.5091,-4.89504,2605.83,180.138,-145.018,-1.3218,-4.0527,2493,0.07215,-119.091,0.21854,62.6789,976.502,-1.57187,-0.563602,-0.568932,-124.29,1.00379,7.98498
83.2661,82.55,-4.84233,2590.67,179.958,-145.018,-1.29177,-4.03225,2493,0.07098,-128.056,0.207172,62.6514,976.907,-1.54133,-0.544099,-0.638046,-124.293,0.996388,7.95397
82.9183,84.1867,-4.81324,2574.02,179.712,-145.018,-1.11938,-3.95041,2493,0.06942,-129.023,0.195412,62.6689,977.306,-1.53406,-2.13053,-0.944283,-124.501,1.00358,7.98209
83.5116,84.2685,-4.67893,2558.54,179.561,-145.018,-1.11132,-3.84812,2493,0.06786,-131.044,0.1862,62.6684,977.716,-1.45045,-4.56719,-1.20639,-124.751,1.00906,7.95695
83.4911,84.3504,-4.47341,2541.69,179.343,-145.018,-1.14817,-3.82766,2493,0.06123,-131.044,0.172088,62.6355,978.179,-1.31088,-7.21294,-1.35245,-125.267,1.02039,7.97886
82.2841,83.9412,-4.48147,2525.64,178.948,-145.018,-1.14082,-3.86858,2493,0.06084,-131.044,0.163072,62.6848,978.525,-1.27266,-9.8776,-1.15846,-126.053,1.02304,7.96063
81.6499,82.7342,-4.56042,2508.69,178.714,-145.018,-1.27134,-3.88904,2493,0.06279,-131.044,0.151508,62.6525,978.916,-1.30936,-11.1335,-0.927173,-126.996,1.02091,7.9744
81.343,82.3864,-4.45897,2492.73,178.48,-145.018,-1.39787,-3.82766,2493,0.06474,-131.044,0.137396,62.6591,979.337,-1.35608,-11.1738,-0.72518,-127.951,1.01328,7.96634
80.9748,82.059,-4.36649,2476.07,178.046,-145.018,-1.4114,-3.78675,2493,0.06045,-131.044,0.1274,62.6291,979.667,-1.36219,-10.6917,-0.554126,-129.031,1.0221,7.96699
80.8111,81.8749,-4.31829,2461.34,177.466,-145.018,-1.42942,-3.97087,2493,0.06006,-131.044,0.118384,62.6568,979.829,-1.38384,-9.85795,-0.465963,-130.014,1.01707,7.9675
80.6475,81.6908,-4.4802,2443.51,176.99,-145.018,-1.39419,-4.09362,2492,0.06318,-131.044,0.107604,62.6723,980.117,-1.56711,-8.9697,-0.322525,-130.978,1.00534,7.13045
80.6679,81.6499,-4.5623,2426.4,176.612,-145.018,-1.46058,-4.07316,2493,0.06552,-131.044,0.097804,62.6439,980.47,-1.83034,-7.94777,-0.459166,-131.71,0.981575,6.92787
81.3021,82.816,-4.57501,2407.8,176.364,-145.018,-1.47181,-3.92995,2493,0.06591,-131.044,0.088788,62.6559,980.99,-2.01997,-7.24772,-0.532327,-132.43,0.985197,6.99509
81.0771,81.7931,-4.48124,2391.55,176.232,-145.018,-1.478,-3.88904,2492,0.06357,-131.044,0.08134,62.5815,981.464,-2.08292,-6.81116,-0.586626,-133.055,0.996142,6.96403
81.8136,82.6319,-4.48617,2373.7,175.835,-145.018,-1.42167,-3.92995,2588,0.06591,-131.044,0.070168,62.602,981.823,-2.09262,-6.43782,-0.563646,-133.771,1.02888,6.96412
81.8749,82.7342,-4.66155,2354.07,175.013,-145.018,-1.22236,-4.72782,2700,0.05733,-131.044,0.061544,62.5915,982.019,-2.10414,-6.84254,-0.565145,-134.606,1.07614,7.0202
81.9977,82.7956,-5.70488,2332.97,173.624,-145.018,-1.32703,-5.40293,2811,0.06201,-131.044,0.052136,62.6686,981.957,-2.49762,-7.64901,-0.906592,-135.26,1.06603,6.38687
82.3046,83.0206,-7.11443,2315.73,172.144,-145.018,-1.58109,-6.22125,2922,0.06669,-131.044,0.042924,62.6283,981.698,-3.09303,-8.45613,-0.923379,-135.811,1.03702,5.8543
82.2841,83.2252,-8.43318,2301.31,170.568,-145.018,-1.75644,-6.7327,3018,0.06279,-131.044,0.03528,62.6328,981.271,-3.82815,-9.25835,-0.830232,-136.581,1.01582,6.06344
82.1613,83.041,-10.0008,2287.52,169.147,-145.018,-1.92124,-7.03957,3065,0.06513,-131.044,0.027636,62.6372,980.864,-4.75492,-10.1415,-0.716525,-137.362,0.966983,5.90855
81.834,82.7137,-10.133,2270.58,167.857,-145.018,-2.20524,-6.15988,3065,0.06123,-131.044,0.021364,62.7013,980.797,-5.0323,-10.8772,-1.1588,-138.133,0.94846,6.87533
81.834,82.7342,-8.96164,2250.96,166.773,-145.018,-2.32336,-6.69178,3065,0.05889,-131.044,0.0147,62.6826,980.783,-4.46341,-11.1401,-0.947406,-139.12,1.02893,6.96281
81.3635,82.591,-9.04185,2233.86,165.503,-145.018,-2.3042,-6.60995,3065,0.05616,-131.044,0.010388,62.6482,980.723,-4.68591,-11.105,-0.507302,-140.325,0.998762,7.00064
80.8725,81.8954,-9.27484,2215.66,164.526,-145.018,-2.30822,-6.26217,3065,0.05772,-146.073,0.005292,62.6811,980.723,-5.01566,-10.8967,-0.517922,-141.409,0.971269,6.93359
80.9543,81.8545,-8.77959,2195.46,163.421,-145.018,-2.46898,-6.13942,3065,0.05733,-145.018,0.000784,62.6413,980.816,-4.89619,-10.2485,-1.00599,-142.361,0.993864,7.03136
81.0566,82.0386,-8.55236,2175.87,162.516,-145.018,-2.39345,-6.03713,3065,0.04875,-144.052,-0.001372,62.6321,980.993,-4.85827,-9.3256,-0.22813,-143.432,1.00209,6.80331
80.3406,81.609,-8.1697,2156.36,161.51,-145.018,-2.10553,-5.91438,3065,0.04641,-144.052,-0.00450798,62.6356,981.158,-4.83086,-8.66778,-0.209135,-144.672,1.00432,5.98735
80.5247,81.5067,-7.91169,2135.37,160.669,-145.018,-2.13787,-5.97575,3065,0.04641,-144.052,-0.00744797,62.6347,981.368,-4.73936,-7.97384,-0.547585,-145.514,1.01231,5.97051
80.7702,81.7113,-7.79837,2114.07,159.705,-145.018,-2.20161,-5.93484,3065,0.04329,-144.052,-0.010192,62.5883,981.562,-4.75733,-7.07845,-0.703712,-146.264,0.99901,5.98535
80.7293,81.7317,-7.81746,2094.87,158.834,-145.018,-2.11779,-5.73026,3065,0.04095,-144.052,-0.011564,62.618,981.817,-4.78235,-6.27999,-0.314658,-147.037,0.998551,5.96601
80.5861,81.609,-7.40938,2074.27,158.22,-145.018,-2.09708,-5.7098,3065,0.039,-144.052,-0.013328,62.62,982.181,-4.64493,-5.61816,-0.638991,-147.702,1.00499,5.97914
80.7293,81.6908,-7.18438,2053.13,157.405,-145.018,-2.00654,-5.79163,3065,0.03315,-144.052,-0.013132,62.5987,982.442,-4.60181,-4.84151,-0.204296,-148.359,1.0112,5.14335
80.2997,81.5067,-7.28194,2032.63,156.551,-145.018,-1.76483,-5.83255,3065,0.03276,-144.052,-0.01372,62.6017,982.769,-4.69453,-4.30724,-0.149891,-149.079,0.994733,4.91347
80.4224,81.4044,-7.20618,2012.18,155.764,-145.018,-1.89063,-5.56659,3066,0.02652,-144.052,-0.013132,62.5959,983.072,-4.81748,-3.70737,-0.637377,-149.375,0.992626,5.06774
80.4838,81.5885,-6.83172,1990.5,154.92,-145.018,-1.82227,-5.11652,3065,0.02457,-144.052,-0.013132,62.6026,983.375,-4.65114,-2.94115,-0.235429,-149.827,0.993463,4.60941
80.4633,81.5681,-5.95933,1969.23,154.03,-145.018,-1.60132,-5.13697,3065,0.0156,-144.052,-0.014112,62.5811,983.624,-4.12624,-2.49476,-0.133638,-150.316,1.04299,3.89634
80.5861,81.5067,-5.68283,1948.8,153.334,-145.018,-1.68121,-5.13697,3065,0.01326,-144.052,-0.013132,62.6069,984.023,-3.85005,-2.1534,-0.786725,-150.506,1.03175,4.04218
81.0771,81.9159,-5.61904,1929.84,152.541,-145.018,-1.86785,-4.85056,3065,0.00741,-144.052,-0.011564,62.5878,984.221,-3.69936,-1.56278,-0.952582,-150.497,1.03501,4.76688
81.1794,82.2227,-5.38098,1910.97,151.797,-145.018,-1.66689,-4.70736,3065,0.00741,-144.052,-0.01078,62.5834,984.582,-3.4153,-1.10028,-0.276823,-150.82,1.01907,4.24877
80.8316,82.0386,-5.04062,1893.71,151.046,-145.018,-1.49835,-4.76873,3065,0.00468,-144.052,-0.00960399,62.6031,984.77,-2.96926,-1.03598,-0.382175,-151.063,1.05707,3.8358
80.7497,81.8545,-4.81318,1877.23,150.211,-145.018,-1.49177,-4.80965,3065,0.00702,-144.052,-0.00979997,62.6282,984.961,-2.70485,-0.864006,-0.607276,-151.188,1.02851,4.14621
80.9543,81.9159,-4.85427,1862.08,149.2,-145.018,-1.47472,-4.89148,3065,0.00585,-144.052,-0.00823198,62.6312,984.917,-2.6211,-0.490765,-0.437618,-151.227,1.0379,3.29194
80.9339,81.9568,-4.90562,1846.79,148.317,-145.018,-1.38817,-4.80965,3065,0.00897,-144.052,-0.00764398,62.6103,985.051,-2.61569,-0.187393,-0.470882,-151.339,0.992098,2.97425
81.0157,82.0386,-4.76376,1832.23,147.394,-145.018,-1.32744,-4.62553,3065,0.00351,-144.052,-0.00744797,62.5965,985.086,-2.54369,0.0358668,-0.457488,-151.364,1.02562,2.95491
81.0566,82.1204,-4.52957,1816.78,146.483,-145.018,-1.2817,-4.42094,3065,0.00234,-144.052,-0.00646798,62.5874,985.179,-2.41775,0.204794,-0.698067,-151.386,0.982174,3.07016
81.0771,82.1613,-4.04262,1802.21,145.694,-145.018,-1.12323,-4.25728,3105,-0.00116998,-144.052,-0.00529199,62.5939,985.324,-2.16666,0.309947,-0.248195,-151.456,1.04929,2.61292
80.8725,82.0795,-4.01259,1788.03,144.847,-145.018,-1.0092,-4.46186,3208,0.00078,-144.052,-0.00293999,62.5611,985.405,-1.89155,0.254924,-0.506321,-151.509,1.03438,1.91107
80.9339,82.0386,-4.7536,1774.89,143.686,-145.018,-1.11132,-5.54613,3319,0.00312,-144.052,-0.00235199,62.6123,985.227,-1.91071,0.406904,-0.732825,-151.333,1.13568,2.03605
81.7113,82.816,-6.65665,1763.25,141.956,-145.018,-1.00924,-6.11896,3430,0.00234,-144.052,-0.00215598,62.6155,984.873,-2.66146,0.616133,-0.449656,-151.366,0.97547,1.96025
81.2407,82.7751,-8.35181,1755.13,140.406,-145.018,-0.848933,-6.60995,3541,0.00195,-144.052,-0.000195997,62.6205,984.397,-3.56184,0.375512,-0.308959,-151.398,1.10944,2.02104
80.6065,81.7522,-9.58115,1745.9,138.775,-145.018,-0.878203,-7.14186,3653,0.00351,-144.052,0.000392,62.5977,984.057,-4.47932,0.303987,-0.576806,-151.298,0.340554,1.9698
81.1384,81.9977,-10.7298,1736.65,137.212,-145.018,-1.00266,-7.20324,3701,0.00507,-144.052,0.000588,62.5938,983.605,-5.4735,0.790674,-0.409732,-151.105,-0.0749929,2.84472
81.4658,82.5091,-11.3626,1724.32,135.889,-145.018,-0.829859,-6.7327,3701,0.00546,-144.052,0.001568,62.6096,983.558,-6.27989,1.10654,-0.370033,-151.133,-0.190465,2.43436
81.3839,82.4887,-10.9445,1709.95,135.117,-145.018,-0.788923,-5.7098,3701,0.00702,-144.052,0.001176,62.6109,983.612,-6.36859,0.987475,-0.621373,-150.981,0.273192,1.92809
81.2816,82.4887,-9.53452,1693.28,134.347,-145.018,-0.816066,-5.42339,3700,-0.000389995,-144.052,0.001764,62.5656,983.936,-5.72673,0.738684,-0.725923,-150.819,-0.0334821,2.02697
81.1794,82.325,-8.44888,1677.52,133.179,-145.018,-0.825206,-5.01423,3701,0.00507,-144.052,0.00196,62.5582,983.867,-5.01695,0.538638,-0.585193,-150.661,-0.515458,1.9831
80.8111,82.1409,-7.46535,1663.17,132.299,-145.018,-0.725975,-5.09606,3700,0.00039,-144.052,0.002352,62.5843,983.955,-4.34788,0.409216,-0.398378,-150.673,0.0451222,1.89779
80.7497,81.9159,-6.98169,1649.93,130.564,-145.018,-0.697021,-4.9324,3701,-0.000389995,-144.052,0.002352,62.5377,983.71,-3.91677,0.347791,-0.465281,-150.589,-0.151121,1.76164
81.0157,81.7726,-6.54536,1637.25,129.334,-145.018,-0.521074,-4.66644,3700,0.00234,-144.052,0.002744,62.5659,983.668,-3.61054,0.716122,-0.332939,-150.688,-0.184861,2.12544
81.343,82.4068,-6.40845,1624.54,128.729,-145.018,-0.241029,-4.76873,3700,-0.00155997,-144.052,0.001372,62.5691,983.843,-3.27565,0.924854,-0.381648,-150.782,0.50256,1.00539
81.7317,82.816,-5.99901,1613.52,126.836,-145.018,-0.337985,-4.80965,3701,0.00156,-144.052,0.001568,62.6252,983.454,-3.02592,0.501584,-0.35945,-150.539,0.619347,1.37695
82.3046,83.2456,-5.66438,1602.55,126.124,-145.018,-0.689316,-4.56415,3701,-4.09353e-16,-144.052,0.00294,62.9173,983.357,-2.98179,0.1371,-0.438191,-150.08,0.792347,1.80697
81.5476,82.9797,-5.34139,1590.69,124.668,-145.018,-0.855402,-4.21637,3700,-0.00428999,-144.052,0.003332,66.7153,983.283,-2.90041,-0.364646,-0.22211,-149.901,0.973706,1.97007
80.0951,81.2612,-4.87846,1579.39,123.992,-145.018,-0.864377,-3.84812,3701,0.00078,-144.052,0.001568,71.856,983.31,-2.62691,-0.508884,0.0725409,-149.9,-0.11304,1.99838
80.6475,81.6908,-4.0099,1568.82,123.131,-145.018,-0.819912,-4.13453,3700,-0.00546003,-144.052,0.001568,74.7019,983.428,-2.18344,-0.105559,0.0771469,-149.962,1.18248,1.99433
82.2023,83.1843,-3.03751,1558.14,122.79,-145.018,-0.844405,-3.95041,3700,0.00078,-144.052,0.002156,76.6975,983.588,-1.90928,0.507749,-0.0209764,-149.84,0.19327,1.98473
82.2841,83.2661,-2.88722,1546.82,122.156,-145.018,-0.755073,-4.01179,3701,-0.00116998,-144.052,0.001176,78.4824,983.827,-1.79571,0.551845,0.0180538,-149.804,0.808608,2.00368
81.9772,83.573,-2.95201,1536.34,121.767,-145.018,-0.825239,-4.07316,3701,0.00312,-144.052,0.000392,79.45,983.949,-1.76977,0.297824,-0.110549,-149.607,0.554166,1.97705
82.1,83.3684,-2.97519,1524.83,121.284,-145.018,-0.85521,-3.92995,3700,-0.00234002,-144.052,0.00098,80.3857,984.484,-1.7303,-0.171568,-0.0607726,-149.507,0.213108,2.01099
82.1,83.3888,-2.76515,1513.81,121.47,-145.018,-0.980706,-3.88904,3701,-0.00155997,-144.052,-0.000783997,81.1375,984.608,-1.66163,-0.435648,-0.0581378,-149.353,0.615996,1.97783
82.4478,83.6139,-2.6006,1503.59,120.854,-145.018,-0.981015,-3.97087,3700,-0.000389995,-144.052,-5.6433e-16,81.383,984.784,-1.51346,-0.565693,0.126502,-149.387,0.834543,2.84356
82.1613,83.5116,-2.22759,1492.06,120.316,-145.018,-0.932014,-4.21637,3701,-0.00116998,-144.052,-0.00176399,81.6458,985.13,-1.37067,-0.579415,0.155501,-149.431,1.02345,3.02417
81.9159,83.2661,-2.55225,1480.49,120.583,-145.018,-0.950947,-3.9095,3700,0.00234,-144.052,-4.78825e-16,82.1747,985.651,-1.52074,-0.843873,0.0695292,-149.45,0.419906,2.96784
81.0771,82.5091,-2.68769,1469.54,120.654,-145.018,-1.00603,-3.95041,3701,-0.000389995,-144.052,-0.00274398,82.0514,986.003,-1.54409,-1.08803,0.137014,-149.467,1.08478,3.00719
80.4838,81.3226,-2.32484,1458.29,120.635,-145.018,-1.09089,-3.95041,3701,0.00468,-144.052,-0.00156798,81.3117,986.429,-1.46363,-0.749266,0.0352871,-149.502,0.971324,2.96127
82.7137,82.9797,-2.36541,1446.89,120.544,-145.018,-0.959386,-3.74583,3700,0.00195,-144.052,-0.00235199,81.3682,986.761,-1.47984,0.088262,0.23763,-149.59,1.0216,3.04695
83.1024,85.271,-2.4141,1436.27,120.61,-145.018,-0.650099,-3.99133,3701,0.00117,-144.052,-0.00293999,81.2962,987.15,-1.42312,-0.212432,-0.155509,-149.808,1.01078,2.64927
81.3021,83.6548,-2.47603,1424.26,120.675,-145.018,-0.633637,-4.42094,3700,0.00078,-144.052,-0.00352799,81.3135,987.587,-1.54953,-1.27936,-1.05419,-149.849,0.950161,1.8528
80.7907,82.2227,-2.65394,1411.75,120.48,-145.018,-0.659583,-4.11407,3701,0.00156,-144.052,-0.004312,81.1729,987.975,-1.78579,-1.6627,-0.811387,-150.031,0.443022,2.52227
80.2383,81.343,-2.68133,1399.76,120.74,-145.018,-0.597571,-3.88904,3700,0.00078,-144.052,-0.00293999,81.1653,988.497,-1.75591,-1.54625,-0.611513,-150.28,1.07317,2.02485
80.2588,81.3839,-2.44605,1387.61,120.667,-145.018,-0.457155,-3.78675,3701,-0.00116998,-144.052,-0.00352799,80.604,988.852,-1.50036,-1.17529,-0.368575,-150.613,0.973744,1.9932
80.2997,81.3839,-2.13558,1375.74,120.401,-145.018,-0.386791,-3.92995,3701,-0.000779989,-144.052,-0.00450798,79.1155,989.199,-1.25206,-0.835285,-0.500807,-150.783,1.05017,1.9886
80.4224,81.5067,-1.98733,1363.9,119.906,-145.018,-0.325013,-4.09362,3700,0.00039,-144.052,-0.00391998,79.273,989.37,-1.20965,-0.503947,-0.322864,-150.951,0.989845,1.98214
80.5042,81.6703,-1.94621,1352.02,119.607,-145.018,-0.364327,-4.13453,3700,-0.00116998,-144.052,-0.00509598,79.1954,989.705,-1.34965,-0.325848,-0.490301,-150.946,1.01921,2.43319
80.627,81.7931,-2.21379,1339.68,119.459,-145.018,-0.521174,-3.9095,3700,-0.00273001,-144.052,-0.00235199,81.1665,990.033,-1.60521,-0.0489733,-0.743585,-150.84,0.974629,2.9382
81.5681,82.9183,-2.18309,1327.49,119.607,-145.018,-0.583116,-3.74583,3701,-0.00195003,-144.052,-0.00215598,81.9847,990.543,-1.60905,0.13581,-0.53055,-150.721,1.00672,2.96948
81.7113,83.1229,-1.8945,1315.16,119.649,-145.018,-0.598813,-3.72537,3700,-0.00624001,-144.052,-0.00450798,82.2579,991.01,-1.39832,-0.0312814,-0.552245,-150.676,1.00331,3.01501
81.6703,83.1024,-1.65011,1302.74,119.761,-145.018,-0.629525,-3.88904,3701,-0.00506997,-144.052,-0.00352799,81.8558,991.457,-1.20134,-0.382322,-0.542956,-150.629,1.02722,2.9586
81.6294,83.0206,-1.5826,1289.71,119.712,-145.018,-0.66541,-4.0527,3700,-0.00975001,-144.052,-0.00196,81.5818,991.885,-1.15401,-0.803497,-0.700655,-150.65,1.01176,3.02007
80.6679,82.4068,-1.72416,1277.77,119.954,-145.018,-0.75499,-4.23682,3701,-0.01014,-144.052,-0.000391977,81.7579,992.376,-1.28319,-1.05714,-0.713311,-150.658,1.01486,2.95434
80.6884,81.8545,-2.02065,1265.28,119.716,-145.018,-0.723107,-4.15499,3701,-0.01014,-144.052,-0.00156798,81.7104,992.808,-1.5776,-0.925969,-0.422419,-150.824,0.992928,3.02483
80.6884,81.8954,-2.31056,1252.37,119.924,-145.018,-0.710268,-4.09362,3701,-0.01209,-144.052,-0.00215598,81.7892,993.347,-1.77469,-0.646353,-0.396926,-150.898,0.99474,2.94828
80.7088,81.8954,-2.23693,1239.39,119.984,-145.018,-0.768805,-3.95041,3701,-0.01443,-144.052,-0.00196,81.7417,993.752,-1.79452,-0.343497,-0.620263,-150.897,0.998443,3.03328
81.0157,81.9772,-2.11575,1227.58,120.146,-145.018,-0.801487,-3.56171,3700,-0.01716,-144.052,-0.000979977,81.8047,994.306,-1.65006,0.0447709,-0.387482,-150.849,1.0123,2.93532
81.609,83.0001,-1.70738,1214.45,120.252,-145.018,-0.779253,-3.11163,3701,-0.02067,-144.052,-0.000391977,81.7703,994.796,-1.17742,0.158683,-0.358438,-150.836,1.03153,3.05622
81.6908,83.082,-0.999065,1204.44,120.41,-145.018,-0.840228,-3.15255,3700,-0.01833,-144.052,-0.000783997,81.8115,995.217,-0.374957,-0.0591328,-0.559188,-150.708,1.06272,2.88174
80.9952,82.7956,-0.411899,1194.35,120.17,-145.018,-1.00709,-3.68446,3700,-0.01677,-144.052,0.000588,81.7855,995.475,0.230348,-0.297879,-0.844404,-150.563,1.07007,3.63396
80.852,82.1204,-0.538175,1185.82,119.789,-145.018,-1.08976,-4.17545,3701,-0.0117,-144.052,-3.24917e-16,81.838,995.624,0.283303,-0.163383,-0.545033,-150.482,1.04308,4.04461
80.8929,82.0386,-1.28737,1175.92,119.152,-145.018,-1.014,-4.21637,3701,-0.01287,-144.052,-0.000783997,81.8113,995.712,-0.125288,0.223265,-0.241201,-150.527,1.00514,3.96293
81.0771,82.3659,-1.89753,1168.27,118.965,-145.018,-0.924024,-4.19591,3700,-0.00273001,-144.052,0.000784,81.9476,995.932,-0.538231,0.505931,-0.117423,-150.518,0.981466,3.99053
81.0566,82.3659,-2.13362,1159.41,118.94,-145.018,-0.887763,-4.15499,3701,-0.00428999,-144.052,0.001372,81.7546,996.236,-0.802492,0.614219,-0.428431,-150.443,0.984237,3.98662
81.0566,82.3864,-2.17762,1149.99,118.91,-145.018,-0.977326,-4.13453,3700,-0.00195003,-144.052,0.001568,81.1872,996.556,-1.00106,0.753897,-0.54435,-150.227,0.978826,3.97661
81.3839,82.5296,-2.12286,1139.42,118.834,-145.018,-1.01574,-3.95041,3701,0.00117,-144.052,0.001568,81.1802,996.879,-1.13854,0.950563,-0.383966,-150.069,0.987703,3.99619
82.1613,83.6343,-1.95798,1129.28,118.928,-145.018,-1.08754,-3.64354,3701,-0.000389995,-144.052,0.002156,81.2281,997.271,-1.088,0.884909,-0.461516,-149.81,0.991095,3.96949
82.3864,83.8389,-1.50572,1118.98,119.004,-145.018,-1.13472,-3.37759,3701,-2.1634e-15,-144.052,0.00098,81.224,997.708,-0.750404,0.511382,-0.579201,-149.616,1.01951,4.00129
82.3659,83.8389,-0.9866,1108.39,119.14,-145.018,-1.22185,-3.84812,3701,-0.00234002,-144.052,-0.000783997,81.249,998.098,-0.339763,0.0433049,-0.621213,-149.43,1.03028,3.96784
82.0386,83.4707,-0.992967,1097.65,118.716,-145.018,-1.17445,-4.11407,3700,-0.000779989,-144.052,0.00098,81.2746,998.339,-0.379858,-0.464738,-0.428616,-149.477,1.02255,3.9902
81.9772,83.3274,-1.3424,1087.49,118.562,-145.018,-1.14671,-4.03225,3701,0.00273,-144.052,0.000784,81.2901,998.642,-0.676371,-0.914407,-0.559891,-149.524,0.994615,4.15399
80.2383,81.8954,-1.59986,1076.22,118.506,-145.018,-1.159,-4.09362,3701,-1.23073e-15,-144.052,-0.000391977,81.28,998.998,-0.993019,-1.09716,-0.591901,-149.653,0.995565,4.71503
80.3201,81.4658,-1.71993,1065.44,118.522,-145.018,-1.14512,-4.09362,3701,0.00078,-144.052,8.55045e-18,81.2695,999.383,-1.22755,-0.623442,-0.430735,-149.744,0.983864,4.90676
80.5656,81.7317,-1.74954,1053.96,118.647,-145.018,-1.06899,-3.97087,3701,0.00156,-144.052,0.000196,81.2719,999.841,-1.42818,0.0796384,-0.232345,-149.859,0.99455,5.11378
81.7522,82.8365,-1.69601,1042.12,118.826,-145.018,-0.896684,-3.68446,3701,-0.00234002,-144.052,-0.00215598,80.7111,1000.36,-1.44179,0.543741,0.100387,-149.941,0.991037,4.51773
81.9977,83.5116,-1.40755,1029.98,118.9,-145.018,-0.814587,-3.68446,3701,-0.00624001,-144.052,-0.000195997,80.3033,1000.8,-1.24445,0.229309,-0.577904,-149.887,1.01686,4.5288
81.9159,83.3479,-1.23055,1018.42,119.019,-145.018,-1.01527,-3.74583,3700,-0.00779999,-144.052,-0.00391998,80.4,1001.26,-1.06529,-0.235216,-1.02962,-149.621,1.01178,5.10428
81.9363,83.2865,-1.1936,1006.36,119.094,-145.018,-0.965957,-3.78675,3701,-0.0117,-144.052,-0.00450798,80.3501,1001.74,-0.998774,-0.602647,-0.267579,-149.721,1.02166,4.90928
81.7931,83.2661,-1.31495,994.863,119.121,-145.018,-0.927805,-3.97087,3701,-0.01209,-144.052,-0.00391998,80.4351,1002.14,-0.999832,-1.10393,-0.496118,-149.827,1.00644,5.02973
80.7088,82.8365,-1.47577,983.01,119.028,-145.018,-0.96797,-3.97087,3701,-0.01677,-144.052,-0.00352799,80.3782,1002.56,-1.11621,-1.45124,-0.711919,-149.938,1.01413,4.94308
80.7702,81.9568,-1.6422,970.784,119.408,-145.018,-1.0368,-3.97087,3701,-0.02184,-144.052,-0.00333198,80.4482,1003.08,-1.26309,-1.19645,-0.638775,-150.03,0.997826,5.0106
80.9339,82.0181,-1.80115,958.353,119.511,-145.018,-0.867435,-3.86858,3701,-0.0234,-144.052,-0.00470399,80.4141,1003.58,-1.40215,-0.720948,-0.0453341,-150.319,1.0064,4.95499
81.4453,82.8774,-1.72891,946.788,119.875,-145.018,-0.767402,-3.39804,3701,-0.02925,-144.052,-0.003724,80.4703,1004.14,-1.29896,-0.471935,-0.333139,-150.434,1.00627,5.00301
81.4453,82.7956,-1.42965,935.112,119.799,-145.018,-0.738835,-3.45942,3700,-0.03159,-144.052,-0.003136,80.4328,1004.5,-0.836859,-0.505858,-0.379749,-150.529,1.03985,4.9595
81.343,82.6728,-1.13004,926.146,119.917,-145.018,-0.844151,-3.82766,3701,-0.03627,-144.052,-0.00215598,80.4908,1004.9,-0.45012,-0.676634,-0.691512,-150.439,1.03329,5.00123
80.7907,82.5296,-1.18898,915.316,119.539,-145.018,-1.03259,-3.76629,3701,-0.03042,-144.052,-0.00411599,80.4364,1005.2,-0.40436,-0.709603,-0.812639,-150.366,1.03698,4.95804
80.8929,82.0795,-1.52664,905.583,119.585,-145.018,-1.09428,-3.84812,3701,-0.0312,-144.052,-0.00215598,80.4894,1005.48,-0.457531,-0.3182,-0.338781,-150.363,1.00212,5.00829
81.1589,82.4887,-1.36113,896.279,119.215,-145.018,-1.0466,-3.78675,3700,-0.02457,-144.052,-0.00274398,80.4234,1005.67,-0.407437,0.0168329,-0.174094,-150.425,1.02443,4.93522
81.1384,82.4682,-1.52054,887.312,119.016,-145.018,-1.09109,-3.97087,3700,-0.02067,-144.052,-0.00215598,80.4782,1005.95,-0.333011,0.0685036,-0.467308,-150.325,1.00139,5.45068
81.1384,82.4682,-1.77889,877.724,119.381,-145.018,-1.10948,-3.99133,3700,-0.01365,-144.052,-6.84036e-16,80.4042,1006.33,-0.456056,-0.0221143,-0.514143,-150.281,1.01278,5.06485
81.609,82.7546,-2.38232,868.451,119.549,-145.018,-1.26077,-4.07316,3700,-0.00936002,-144.052,0.000588,80.4629,1006.83,-0.680818,-0.20244,-0.802941,-150.078,0.981513,4.91715
80.5861,82.7751,-2.18546,857.949,118.798,-145.018,-1.27787,-4.11407,3700,-0.00936002,-144.052,-6.55446e-16,80.3604,1006.92,-0.854035,-1.10738,-0.289166,-150.118,0.989325,5.52669
79.2972,80.7293,-2.02043,848.37,118.521,-145.018,-1.57728,-4.0527,3701,-0.00975001,-144.052,-8.46495e-16,80.4577,1007.17,-0.897356,-1.39743,-1.24841,-149.986,0.986325,6.44596
79.5632,79.9519,-1.58691,836.289,119.155,-145.018,-1.52399,-4.11407,3700,-0.00663001,-144.052,0.00196,80.3565,1007.91,-1.11602,-0.116182,0.0986808,-150.191,1.00791,5.90981
80.9543,82.2432,-1.93502,824.129,120.463,-145.018,-1.26087,-4.11407,3700,-0.00779999,-144.052,0.001764,80.4405,1008.66,-1.3937,0.953756,0.203167,-150.323,0.997285,4.56021
81.9977,83.4297,-2.55901,811.694,120.147,-145.018,-1.22225,-3.99133,3700,-0.01521,-144.052,0.00294,80.2867,1009.11,-1.72724,1.28002,-0.480869,-150.147,0.997239,4.76612
83.7366,84.0026,-2.55842,800.462,121.251,-145.018,-1.22201,-3.64354,3700,-0.01989,-144.052,0.003332,80.4343,1009.91,-1.63513,1.09604,-0.273397,-149.901,0.994177,4.60609
82.9592,84.7186,-2.16703,788.261,121.605,-145.018,-1.25986,-3.95041,3700,-0.02223,-144.052,0.002744,80.2374,1010.52,-1.32421,0.103811,-0.987348,-149.69,1.04441,3.6421
82.0181,83.3274,-2.13481,777.288,121.022,-145.018,-1.3249,-4.25728,3700,-0.02418,-144.052,0.001568,80.5019,1010.66,-1.14308,-0.527327,-0.78686,-149.593,1.01555,4.84512
81.0157,82.6523,-2.39147,764.057,121.718,-145.018,-1.22798,-4.27774,3700,-0.02613,-144.052,0.003332,78.9729,1011.4,-1.36418,-0.705154,-0.511472,-149.742,1.02577,3.85759
80.9134,81.834,-2.66507,754.863,120.425,-145.018,-1.00219,-3.45942,3701,-0.02847,-144.052,0.000784,79.7098,1011.25,-1.41999,-0.124827,-0.0551963,-149.984,0.989074,4.19201
81.0362,82.1818,-2.19755,744.342,121.851,-145.018,-0.636783,-3.664,3700,-0.02418,-144.052,0.000784,80.5311,1012.1,-0.991715,0.174244,0.279752,-150.297,1.03801,3.08729
81.3226,82.6728,-1.82497,734.896,121.225,-145.018,-0.619879,-3.92995,3701,-0.01872,-144.052,0.003528,80.3774,1012.27,-0.66486,0.163275,-0.861657,-150.208,1.03162,2.57846
81.2203,82.3864,-1.94496,724.739,121.269,-145.018,-0.597428,-4.23682,3701,-0.00858003,-144.052,-0.002548,80.5192,1012.67,-0.674836,0.422298,-0.384458,-150.176,1.03313,2.96483
81.6908,83.041,-2.73187,715.35,121.993,-145.018,-0.591827,-4.40049,3701,0.00468,-144.052,-0.000391977,80.4312,1013.46,-1.01722,0.165874,-0.529899,-150.07,1.00099,1.90669
81.6908,83.041,-3.11903,705.239,121.902,-145.018,-0.595071,-4.33912,3700,0.01755,-144.052,0.000784,80.3886,1013.74,-1.44608,-0.0161774,-0.699578,-150.021,1.01063,1.47744
81.3226,83.082,-3.33229,697.036,120.722,-145.018,-0.358019,-4.87102,3700,0.04134,-144.052,-0.003136,80.445,1013.41,-1.27352,-0.414304,0.195834,-150.232,0.976329,1.72677
80.7088,82.4273,-2.91208,686.728,119.359,-145.018,-0.379862,-5.81209,3700,0.0507,-144.052,-0.00117599,80.3319,1013.34,-0.996503,-1.21947,-0.781059,-150.298,0.994492,2.11054
80.4224,80.8316,-2.05934,676.629,118.818,-145.018,-0.513737,-4.9324,3701,0.04056,-144.052,-0.00235199,80.5984,1013.37,-1.08387,-1.19099,-0.806951,-150.338,0.985437,2.31562
80.5042,81.6294,-1.20796,664.535,117.773,-145.018,-0.272348,-4.52324,3700,0.06474,-144.052,0.000588,78.7798,1013.58,-0.795708,-0.765713,-0.0395648,-150.686,1.02318,2.48888
78.4789,81.0362,-0.504093,652.381,117.8,-145.018,0.0876901,-2.45698,3700,0.08424,-144.052,-0.003724,75.3344,1013.88,-0.0137747,-1.02667,0.0849384,-151.101,1.03832,1.88808
78.6017,79.7678,1.21092,642.67,116.665,-145.018,0.15907,-2.43652,3701,0.11193,-144.052,-0.00411599,74.9323,1013.74,1.44008,-1.07597,-0.605476,-151.326,1.10628,1.72933
78.6221,79.5836,2.05565,633.064,115.1,-145.018,0.124793,-2.8866,3700,0.09516,-144.052,-0.00215598,72.6657,1013.46,1.99174,-0.501297,-0.141884,-151.416,1.07965,1.92126
78.7858,79.7268,0.771545,624.907,113.606,-145.018,0.119286,-0.00201797,3701,0.02379,-144.052,-0.00176399,69.7066,1013.36,1.44144,0.263967,-0.47336,-151.441,1.02339,1.96341
81.0975,82.2841,1.90632,620.572,111.666,-145.018,0.0784232,1.4505,3701,0.19344,-144.052,-0.00235199,66.0283,1012.73,2.87151,0.802735,-0.143642,-151.285,1.06042,2.55734
84.023,84.6777,3.41608,620.619,109.768,-145.018,-0.0772606,1.10271,3700,-0.5694,-144.052,-0.002548,63.9406,1011.95,3.35157,0.325247,-1.00184,-150.975,1.05735,2.63986
83.8389,84.78,1.1072,620.155,107.597,-145.018,-0.229984,14.0322,3700,-0.0585,-144.052,-0.00215598,61.9914,1011.2,2.11167,-0.338042,-1.10531,-150.694,1.02944,3.03906
