78.1516,80.4838,-5.60229,2503.37,124.907,-61.0835,0.225776,-3.54125,3716,-0.00663001,-61.0835,0.001372,68.0092,935.128,-2.5778,0.919528,-0.432906,-59.1977,0.973135,0.891414
81.7931,85.3732,-4.6566,2493.24,124.4,-61.0835,0.0352778,-3.25484,3716,-0.01365,-61.0835,0.000588,67.9596,935.31,-2.16268,2.90048,-0.642194,-58.5185,1.03736,1.0783
84.4117,85.5574,-3.99262,2482.44,122.606,-61.0835,0.209381,-3.37759,3716,-0.01131,-61.0835,0.000784,68.9337,934.871,-1.79974,2.52697,-1.1689,-58.3539,1.00346,0.913201
83.6343,82.7956,-3.23751,2473.63,121.541,-61.0835,0.693278,-2.78431,3716,-0.01443,-61.0835,-0.000391977,72.1572,934.764,-1.57172,-0.0253965,-1.30614,-58.3418,1.02707,1.10759
81.4658,81.9977,-2.77127,2462.33,120.157,-61.0835,0.321581,-2.47744,3716,-0.01287,-61.0835,-0.000587987,75.5298,934.682,-1.17822,-1.55803,-1.67242,-58.2785,1.0262,0.356098
81.0157,82.591,-2.11602,2453.5,119.735,-61.0835,0.255419,-2.33423,3716,-0.01131,-61.0835,-0.000783997,78.1201,934.6,-0.729095,-1.4413,-0.976453,-58.2382,1.02611,-0.0862242
81.4249,83.2047,-1.53544,2444.99,119.254,-61.0835,0.297739,-2.55927,3716,-0.01404,-61.0835,-0.00117599,80.1534,934.872,-0.310678,-0.958555,-0.261985,-58.6198,1.03679,0.158449
82.2636,83.3888,-1.11085,2439.04,118.436,-61.0835,0.609441,-2.76385,3716,-0.01053,-61.0835,-0.000587987,81.5722,934.77,-0.114449,-1.01171,-0.609774,-58.811,1.02757,1.01213
81.8749,82.4478,-1.16908,2430.81,118.323,-61.0835,0.697113,-2.84568,3716,-0.00779999,-61.0835,-0.00117599,82.2153,934.987,-0.166509,-1.22741,-0.47155,-59.2246,1.01944,0.964151
79.7882,80.1155,-1.96429,2421.11,118.45,-61.0835,0.927916,-2.74339,3715,-0.01482,-61.0835,-0.000783997,80.1806,935.494,-0.314958,-1.47378,-0.0790334,-59.3912,0.987988,1.28788
79.5018,82.9387,-1.80742,2412.45,119.05,-61.0835,0.660959,-2.45698,3715,-0.00975001,-61.0835,-0.00117599,79.7182,935.84,-0.178666,-0.770034,-0.57387,-59.5171,1.01608,0.924001
82.5296,83.6139,-1.45549,2403.25,119.22,-61.0835,0.996089,-2.6411,3716,-0.01521,-61.0835,-0.00117599,80.0866,936.413,0.105193,0.234593,-0.0515577,-59.6647,1.02012,1.58313
82.3659,83.4707,-1.30187,2394.29,119.833,-61.0835,1.12484,-2.92751,3715,-0.01131,-61.0835,-0.001372,80.0603,936.874,0.252601,-0.0819783,-0.613104,-59.9002,1.04537,2.2428
82.2841,82.9797,-1.9645,2386.8,119.922,-61.0835,1.15939,-3.09117,3716,-0.01092,-61.0835,-0.00235199,80.0839,937.16,0.0819588,-0.555699,-1.08092,-59.7782,1.0083,2.68862
82.1204,83.3479,-1.41959,2380.41,119.08,-61.0835,0.729845,-3.13209,3716,-0.00975001,-61.0835,-0.00196,79.7467,936.924,0.0879926,-0.894254,-1.42209,-59.6385,1.01915,1.26005
81.834,82.591,-1.41473,2371.08,118.394,-61.0835,0.802534,-3.45942,3716,-0.00702,-61.0835,-0.00176399,79.6958,936.866,-0.0934475,-1.37342,-1.34781,-59.6431,1.00893,1.09623
81.1384,80.4429,-2.12315,2363.29,118.257,-61.0835,0.997826,-2.98889,3715,-0.00273001,-61.0835,-0.00117599,80.2336,937.309,-0.615672,-1.61844,0.298816,-60.2189,0.987975,2.02784
79.6041,81.609,-1.6962,2355.75,119.051,-61.0835,0.9743,-2.74339,3716,-0.00389999,-61.0835,-0.001372,80.5308,937.888,-0.612463,-0.759765,-0.237792,-60.1889,1.01256,1.95554
80.9339,84.4936,-1.78545,2347.05,118.694,-61.0835,0.903711,-3.17301,3716,-0.00389999,-61.0835,-0.000783997,80.9987,937.894,-0.49351,0.448953,-0.200149,-60.3245,1.00694,2.02968
83.6343,84.7595,-0.962147,2339.28,119.16,-61.0835,1.1379,-3.29576,3716,-0.00506997,-61.0835,-0.00176399,81.4557,938.547,-0.643581,0.892944,-0.955527,-60.2042,1.03048,1.95379
83.1843,81.343,-2.67826,2328.9,120.148,-61.0835,1.37673,-3.39804,3716,-0.00389999,-61.0835,-0.001372,81.4208,939.169,-1.19653,-0.0729564,-0.810115,-60.4971,0.996757,2.89356
79.6859,78.3971,-3.21094,2319.9,121.387,-61.0835,1.42726,-3.35713,3716,-0.00195003,-61.0835,-0.000783997,80.9016,940.049,-1.52117,-1.42291,-0.402754,-60.4599,1.00094,2.71542
78.1925,80.9339,-3.82149,2310.97,121.38,-61.0835,0.549049,-3.99133,3715,-0.00467998,-61.0835,2.89309e-15,80.1417,940.249,-1.63464,-1.03056,-1.11731,-60.032,0.991287,1.54133
80.7497,83.7775,-4.17311,2301.43,120.654,-61.0835,0.206196,-3.54125,3716,-0.00273001,-61.0835,0.001764,79.3945,940.296,-1.86375,1.06165,-0.934736,-59.5147,0.957524,0.0741901
82.9592,83.6548,-3.42138,2292.13,120.633,-61.0835,0.480187,-2.92751,3716,-0.00116998,-61.0835,0.003528,79.2108,940.615,-1.56839,2.07192,-0.0842977,-59.6863,0.996322,0.556621
81.8136,81.9772,-2.52944,2281.02,120.818,-61.0835,1.06844,-2.98889,3716,-0.000779989,-61.0835,0.004116,79.5274,941.062,-1.03911,1.75406,0.129763,-59.7209,1.02893,1.97297
80.8929,82.4273,-2.16967,2270.66,120.764,-61.0835,0.997935,-3.11163,3716,-0.00155997,-61.0835,0.003136,79.6781,941.374,-0.762937,1.64349,-0.39867,-59.5926,1.03382,1.94121
82.0181,83.4707,-2.54172,2261.89,120.873,-61.0835,1.12615,-3.13209,3716,-0.00155997,-61.0835,0.0049,80.0627,941.721,-0.743909,1.62147,-0.797945,-59.2428,1.01109,2.04878
82.1818,83.2865,-2.43253,2251.71,120.586,-61.0835,0.996982,-3.15255,3716,0.00078,-61.0835,0.00196,80.2299,942.021,-0.640138,1.22778,-0.59799,-59.0849,1.016,1.92915
82.3659,84.0026,-1.94245,2240.34,121.848,-61.0835,0.925035,-3.62308,3716,0.00156,-61.0835,0.00196,80.5411,942.73,-0.577859,0.787292,-0.722635,-58.6033,1.04314,2.07866
82.9592,83.1024,-3.33987,2228.98,121.391,-61.0835,0.681797,-4.01179,3716,0.00585,-61.0835,0.000196,80.572,943.012,-1.09528,-0.146131,-0.426701,-58.4579,0.992977,1.65366
82.55,84.6981,-3.76531,2217.67,121.243,-61.0835,0.466918,-4.0527,3716,0.00429,-61.0835,-0.00215598,79.9095,943.326,-1.5545,-0.951756,-0.496754,-58.0718,0.975663,0.588866
83.4297,85.9665,-4.17346,2204.99,120.633,-61.0835,-0.0310308,-3.64354,3716,0.00663,-61.0835,-0.002548,79.8073,943.584,-1.8385,-1.42028,-0.416873,-57.8793,0.960221,-0.0899233
83.4911,84.2685,-2.53445,2192.77,121.162,-61.0835,0.0439432,-3.19347,3716,0.00624,-61.0835,-0.00274398,79.7332,944.257,-1.71003,-2.21622,0.0383321,-57.8838,1.01837,0.0642502
83.1638,83.8594,-2.23711,2179.73,121.361,-61.0835,0.202308,-3.664,3716,0.00234,-61.0835,-0.002548,79.7725,944.669,-1.67148,-2.4029,0.784841,-58.4789,1.0442,0.012296
81.9363,82.5091,-3.97203,2168.28,121.466,-61.0835,0.961396,-3.74583,3715,0.00585,-61.0835,-0.00274398,79.2049,945.003,-2.183,-2.54123,1.54502,-59.2745,0.976539,1.68156
80.9952,82.1613,-4.04172,2156.3,121.375,-61.0835,1.11525,-3.0298,3715,0.00273,-61.0835,-0.00293999,78.9846,945.49,-2.19883,-2.19435,0.673856,-59.8803,0.984553,2.01379
81.0362,82.4682,-3.35429,2145.12,121.468,-61.0835,1.45147,-3.07072,3716,0.00351,-61.0835,-0.003724,78.8715,945.856,-1.74388,-1.54924,0.379635,-60.205,1.01364,2.84378
81.7931,83.9617,-2.55033,2132.14,121.686,-61.0835,1.44366,-3.15255,3716,0.0039,-61.0835,-0.003724,78.9457,946.38,-1.3523,-0.890328,0.0718006,-60.5425,1.03798,3.00896
82.6523,83.573,-2.13683,2119.96,121.48,-61.0835,1.73105,-3.47988,3716,0.00195,-61.0835,-0.00352799,79.0823,946.823,-1.23167,-0.812993,-0.090534,-60.6805,1.03999,2.99391
82.1,82.7137,-2.45969,2107.68,122.056,-61.0835,1.60894,-3.50034,3715,0.00117,-61.0835,-0.002548,79.29,947.435,-1.48008,-1.20895,-0.143444,-60.8552,1.03029,2.96914
80.6065,80.0542,-3.27533,2097.48,122.333,-61.0835,1.60067,-3.70491,3716,0.00936,-61.0835,-0.00156798,79.2114,947.864,-1.76512,-1.14714,-0.336167,-60.792,1.00964,3.01816
79.6655,83.082,-3.45649,2083.98,122.231,-61.0835,1.31061,-4.01179,3715,0.00585,-61.0835,-0.00176399,78.8603,948.228,-2.03616,0.0277875,-0.288403,-60.8136,1.00657,2.94545
82.591,84.7595,-3.97064,2070.28,121.729,-61.0835,1.63773,-4.19591,3715,0.00507,-61.0835,-0.00235199,78.3324,948.465,-2.51215,1.30661,-0.402736,-60.7687,0.972135,3.06486
83.0001,82.8774,-4.772,2056.21,122.822,-61.0835,1.75483,-3.50034,3715,0.00585,-61.0835,0.001176,78.2947,949.416,-2.89422,0.451504,-0.180065,-60.8532,0.974367,3.62201
81.0362,80.1565,-4.93151,2043.54,123.171,-61.0835,1.58667,-3.60263,3716,0.00312,-61.0835,-0.00235199,77.8179,949.993,-2.6774,-0.606616,-0.625544,-60.4461,0.992434,3.11234
79.6246,82.5705,-3.83263,2029.22,122.781,-61.0835,0.87202,-3.74583,3716,0.00741,-61.0835,-0.00156798,79.1467,950.244,-2.30545,-0.360725,-0.520142,-60.0511,1.02631,1.7691
82.4887,85.1278,-3.02417,2017.82,122.538,-61.0835,0.618757,-3.72537,3715,0.00234,-61.0835,-0.000783997,80.4491,950.641,-2.25576,0.795163,-0.76011,-59.5226,1.02566,0.836755
83.6752,83.6343,-3.33036,2005.43,122.2,-61.0835,0.879692,-3.4185,3716,0.00117,-61.0835,-0.000391977,80.0577,950.863,-2.44448,0.326343,0.177252,-59.764,1.00618,1.62923
81.9363,82.7751,-3.28362,1991.7,121.745,-61.0835,1.05809,-3.39804,3716,0.00156,-61.0835,6.36136e-15,80.0791,951.25,-2.4064,-0.799178,-0.079012,-59.6831,1.01708,2.09425
81.2612,82.1409,-3.51103,1979.21,122.355,-61.0835,0.736838,-3.19347,3716,-0.000779989,-61.0835,5.67729e-15,80.2856,951.896,-2.30723,-0.704085,-0.181122,-59.6525,1.00824,1.04733
81.0566,81.5885,-3.37429,1965.38,121.568,-61.0835,0.874813,-3.25484,3716,0.00273,-61.0835,0.000784,80.6568,952.066,-2.09714,-0.429076,-0.284434,-59.5871,1.0125,1.31975
80.7293,82.2227,-3.01553,1953.94,122.392,-61.0835,1.06161,-2.94797,3716,-0.00273001,-61.0835,0.001568,80.6066,952.906,-1.94548,-0.0228104,0.46163,-59.9911,1.02627,2.22015
81.0362,82.325,-2.83853,1938.72,122.949,-61.0835,1.43748,-3.35713,3716,-0.00155997,-61.0835,0.000588,81.1843,953.502,-1.77869,0.394772,0.0451116,-60.0605,1.0465,2.96296
81.6499,83.798,-3.00786,1926.8,122.492,-61.0835,1.32267,-3.82766,3716,0.00585,-61.0835,-0.000195997,80.4002,953.597,-1.96098,0.742789,-0.160359,-60.0528,1.02124,2.99257
83.3888,83.6139,-3.46187,1912.57,122.356,-61.0835,1.57401,-3.92995,3715,-0.000389995,-61.0835,0.001764,79.9067,954.028,-2.36625,0.75539,-0.484649,-59.9066,1.00554,2.9852
81.7113,82.2432,-4.66793,1901.29,123.352,-61.0835,1.44234,-3.80721,3715,4.06315e-15,-61.0835,0.001568,80.0075,954.946,-2.83522,0.000464316,0.0174343,-59.8969,0.983008,3.0111
80.361,82.6319,-4.60783,1887.74,122.635,-61.0835,1.20887,-3.4185,3715,0.00234,-61.0835,-0.000391977,79.7258,955.015,-2.81562,0.137741,-0.815773,-59.406,0.987803,2.45984
82.9592,84.6163,-4.40407,1875.13,121.334,-61.0835,0.814781,-3.56171,3716,0.00195,-61.0835,0.000588,78.6323,955.076,-2.51427,0.4777,-0.104575,-59.1582,0.980275,1.60592
83.3479,83.8184,-2.99308,1861.18,121.39,-61.0835,0.724141,-2.8866,3716,-0.00428999,-61.0835,-0.000195997,79.0497,955.486,-2.10092,-0.447113,-1.09533,-58.7398,1.01868,1.25451
82.325,82.9183,-1.8609,1848.49,121.865,-61.0835,0.209269,-2.80476,3716,5.20083e-15,-61.0835,0.001176,80.1672,956.054,-1.64637,-1.26622,0.407169,-58.5476,1.06508,0.263099
81.6499,82.9183,-2.34546,1834.84,120.905,-61.0835,0.0318745,-3.39804,3716,5.07893e-15,-61.0835,-0.00156798,80.5256,956.214,-1.70551,-1.25261,-1.814,-58.2942,1.03695,0.042346
82.1818,84.8209,-2.4189,1823.69,120.875,-61.0835,-0.157261,-3.29576,3716,-0.00273001,-61.0835,-0.00176399,80.9429,956.583,-2.00313,-0.643135,3.06961,-58.4311,1.01133,-0.13902
83.5116,83.041,-3.11253,1813.01,120.492,-61.0835,0.393282,-3.2753,3716,-0.00546003,-61.0835,-0.00274398,81.5446,956.786,-2.21644,-1.09692,-10.8208,-58.7319,0.991028,0.748043
80.8111,81.5476,-2.6878,1800.52,121.012,-61.0835,0.211152,-3.23438,3715,-0.00779999,-61.0835,-0.00215598,81.6343,957.446,-2.10281,-2.37224,-16.3363,-58.9525,1.01797,0.360504
80.5042,81.8954,-2.94994,1787.96,120.956,-61.0835,-0.154469,-2.94797,3716,-0.00506997,-61.0835,-0.00274398,81.9804,957.684,-1.92744,-1.91824,8.78857,-58.6701,1.01947,0.288451
81.5067,83.7571,-2.56653,1777.45,120.634,-61.0835,-0.206468,-3.11163,3716,-0.00585002,-61.0835,-0.00352799,81.7665,958.088,-1.6798,-0.484024,-15.7447,-59.012,1.01821,0.659194
83.8798,84.023,-3.06538,1766.02,121.173,-61.0835,0.551109,-3.29576,3716,-0.00702,-61.0835,-0.004312,81.3378,958.778,-1.57561,0.0274725,-10.9238,-59.442,1.01363,0.972517
82.8365,82.7751,-2.79052,1754.47,121.098,-61.0835,0.791887,-2.94797,3716,-0.00663001,-61.0835,-0.00215598,79.9147,959.008,-1.34624,-1.15529,2.93628,-59.866,1.01295,1.99626
81.1384,81.5885,-2.39294,1743.28,121.203,-61.0835,0.667911,-3.21392,3715,-0.00428999,-61.0835,-0.00156798,79.634,959.496,-1.00157,-1.64487,-1.90757,-59.6638,1.0448,0.855672
80.5656,81.6499,-2.69918,1733.65,121.827,-61.0835,0.462463,-3.54125,3715,-0.00546003,-61.0835,-0.00176399,79.7258,960.036,-1.09228,-0.900141,0.875507,-59.8649,1.02076,1.1107
80.6679,82.4273,-2.9595,1723.46,121.846,-61.0835,0.904147,-3.68446,3716,-0.00234002,-61.0835,-0.000979977,79.304,960.467,-1.34437,0.125602,-0.314569,-60.0929,1.02362,1.1276
81.1589,82.2841,-3.59779,1713.01,121.663,-61.0835,1.24509,-4.09362,3716,-0.00428999,-61.0835,0.002548,78.9814,960.803,-1.74619,0.482204,-20.4556,-60.5644,0.981859,2.64463
81.0771,82.2023,-3.81205,1702.69,121.981,-61.0835,1.41297,-3.37759,3716,-0.01092,-61.0835,-0.00117599,78.6532,961.215,-1.97043,0.494562,-0.806944,-60.3838,0.996974,2.53233
81.2612,83.4911,-3.65248,1692.24,122.227,-61.0835,1.08535,-3.45942,3716,-0.00389999,-61.0835,0.000196,78.4174,961.639,-1.79608,0.512552,-0.26751,-60.1934,0.998811,2.05065
82.1818,82.9592,-2.85331,1681.54,121.526,-61.0835,0.859093,-3.29576,3716,-0.01131,-61.0835,-0.000195997,78.1908,961.74,-1.4696,0.333813,-0.873603,-59.6213,1.02886,1.34812
81.6703,82.9592,-2.45087,1670.45,121.322,-61.0835,0.598959,-3.45942,3716,-0.01482,-61.0835,0.00098,78.0319,961.99,-1.36825,0.316389,-0.179226,-59.5339,1.02576,0.958694
81.7931,82.8978,-2.60158,1659.02,121.123,-61.0835,0.781166,-2.80476,3716,-0.01404,-61.0835,0.002156,78.4386,962.388,-1.3268,0.472146,-21.2574,-59.38,1.02702,0.964228
81.8954,82.9592,-2.39841,1650.75,120.667,-61.0835,0.724432,-2.78431,3716,-0.01131,-61.0835,0.001764,78.8082,962.404,-0.972758,0.709156,-0.134591,-59.4341,1.02113,1.48065
82.059,83.6139,-2.04895,1641.69,120.606,-61.0835,0.710739,-2.98889,3716,-0.00818998,-61.0835,0.00196,79.3239,962.746,-0.648879,0.668017,-0.604798,-59.0394,1.04012,1.05354
82.816,83.8389,-2.09558,1632.45,120.059,-61.0835,0.475735,-3.54125,3715,-0.01053,-61.0835,0.00196,80.0473,962.884,-0.625921,0.612816,-0.181069,-58.908,1.01491,1.44704
82.4682,82.4273,-2.33935,1621.57,120.544,-61.0835,0.499781,-3.19347,3716,-0.01365,-61.0835,0.002156,80.5781,963.458,-0.929412,-0.0473835,-0.53219,-58.5692,1.01681,1.29435
81.1384,82.3659,-2.30669,1613.56,120.622,-61.0835,0.283363,-3.29576,3716,-0.00702,-61.0835,8.08376e-15,80.8555,963.69,-0.990699,-0.337615,0.15438,-58.59,1.01827,1.1171
81.8749,83.573,-2.75189,1606.03,120.842,-61.0835,0.632842,-3.80721,3716,-0.01248,-61.0835,0.000784,80.7506,964.186,-1.20199,-0.236851,0.196891,-58.678,1.02162,1.7044
82.1204,83.8184,-3.90794,1595.67,121.662,-61.0835,0.576234,-3.70491,3715,-0.00546003,-61.0835,-0.000587987,80.5443,964.779,-1.65273,-0.119362,-0.0299276,-58.8407,0.972508,0.834549
82.9183,84.4322,-3.99525,1586.47,121.687,-61.0835,0.761898,-3.47988,3715,-0.00702,-61.0835,-0.000391977,79.9656,965.139,-1.65117,-0.301515,-0.171268,-58.7075,0.988184,1.11219
82.8774,83.798,-3.41655,1576.03,121.895,-61.0835,0.678802,-3.43896,3715,-0.00546003,-61.0835,-0.00117599,79.4196,965.487,-1.38493,-1.00181,0.012816,-58.8822,1.00451,1.14436
82.3864,83.0001,-3.25465,1566.04,121.445,-61.0835,0.760826,-3.43896,3716,-0.00467998,-61.0835,3.7127e-15,79.2712,965.705,-1.23284,-1.60036,-0.139756,-58.8002,1.02161,1.09721
81.5271,82.7751,-2.92296,1555.94,122.542,-61.0835,0.606151,-3.47988,3715,-0.00428999,-61.0835,-0.004312,79.185,966.39,-1.21543,-1.56977,0.277559,-59.0888,1.0146,0.867874
82.4887,83.3479,-2.2472,1546.71,121.803,-61.0835,0.916812,-3.72537,3716,-0.00546003,-61.0835,-0.00646798,79.263,966.514,-1.26314,-1.5279,0.217458,-59.3258,1.05544,1.40225
82.816,83.2865,-2.99382,1536.98,120.17,-61.0835,0.614906,-4.48232,3715,0.00507,-61.0835,-0.00529199,78.6885,966.213,-1.81238,-2.06301,-0.312817,-59.5045,0.995451,2.31342
81.6499,82.6728,-4.64757,1526.79,120.861,-61.0835,0.147529,-3.31622,3716,0.00273,-61.0835,-0.00548799,78.8793,966.664,-2.52146,-2.20107,-0.567518,-59.0411,0.952029,1.84779
81.5067,83.041,-4.10337,1515.51,121.852,-61.0835,-0.142404,-2.94797,3715,0.01131,-61.0835,-0.00293999,79.6735,967.553,-2.18745,-1.28573,0.1256,-59.2282,0.980441,0.959717
81.3839,81.3021,-3.50265,1504.04,121.835,-61.0835,0.367245,-4.21637,3716,0.01482,-61.0835,-0.00274398,79.3837,967.914,-1.74316,-1.09599,0.48995,-59.5231,1.02417,1.19286
78.4789,80.627,-3.6533,1490.72,122.62,-61.0835,0.644355,-4.48232,3716,0.02067,-61.0835,-0.000195997,78.8469,968.762,-2.01088,-1.01721,0.527135,-60.1457,0.997851,1.61382
79.7678,80.9339,-4.6126,1478.89,123.752,-61.0835,1.19172,-3.95041,3716,0.0195,-61.0835,0.000784,78.6515,969.631,-2.65319,0.253529,0.262277,-60.4729,0.997106,2.25112
79.9314,81.0362,-4.36946,1465.98,123.103,-61.0835,1.24159,-4.23682,3716,0.01365,-61.0835,0.002352,77.6268,969.71,-2.96172,0.345193,-0.427611,-60.6821,0.978081,2.43382
80.0133,81.0975,-5.12582,1452.54,123.066,-61.0835,0.715826,-4.17545,3716,0.00468,-61.0835,0.002548,79.4229,970.28,-3.20693,0.317972,-1.47651,-59.8067,0.986664,1.16324
80.1565,81.5681,-4.81502,1436.47,123.784,-61.0835,0.371519,-3.70491,3716,0.0039,-61.0835,0.000196,80.29,971.078,-3.33331,1.94124,0.439351,-59.6035,0.979682,0.406491
81.9159,83.4502,-4.2248,1424.17,123.593,-61.0835,1.10895,-3.64354,3716,-0.000779989,-61.0835,0.001176,80.0748,971.439,-3.15597,3.81533,1.46022,-59.5624,1.02469,1.92966
82.5091,83.8798,-4.17232,1409.03,124.075,-61.0835,1.46062,-3.68446,3716,-0.00351,-61.0835,0.002156,80.2917,972.152,-2.82411,3.99549,0.481836,-59.4794,1.00107,2.96218
82.6523,84.8004,-3.64805,1395.89,124.078,-61.0835,1.61252,-3.60263,3716,-0.01521,-61.0835,8.51229e-15,80.3248,972.686,-2.48299,3.20512,-0.580481,-58.7365,1.05258,3.0366
84.023,85.3528,-3.35953,1380.83,123.856,-61.0835,1.3758,-3.68446,3715,-0.02067,-61.0835,-0.003724,80.3941,973.044,-2.25818,1.90174,-0.682994,-58.3169,1.02272,2.92044
83.9412,82.8365,-3.66175,1366.48,123.588,-61.0835,1.45921,-3.2753,3716,-0.02262,-61.0835,-0.00470399,80.3555,973.408,-2.14572,0.0574706,-0.848689,-57.888,1.0462,3.0724
81.5476,82.9387,-2.75766,1355.66,123.599,-61.0835,1.21245,-2.29331,3715,-0.0234,-61.0835,-0.00666399,80.4425,973.749,-1.31249,-0.795822,-0.741248,-57.9708,1.05518,2.02209
81.7113,83.0206,-2.14244,1349.11,123.1,-61.0835,1.42434,-3.4185,3715,-0.02535,-61.0835,-0.01176,80.4956,973.891,-0.477417,-0.861323,-0.238939,-57.9865,1.10027,2.61986
82.1818,83.1433,-2.78427,1340.01,122.946,-61.0835,1.43794,-3.95041,3715,-0.01794,-61.0835,-0.012544,80.5079,974.089,-0.701398,-1.12337,-0.338811,-58.3724,1.01794,3.03347
81.4658,82.6933,-4.04846,1330.75,122.075,-61.0835,1.45082,-3.9095,3716,-0.0156,-61.0835,-0.011956,80.4935,974.017,-1.26116,-1.44839,-0.81935,-58.2472,1.00656,3.02704
81.4658,83.2456,-4.17276,1321.53,121.694,-61.0835,1.11987,-2.90705,3716,-0.01443,-61.0835,-0.016856,80.5145,974.227,-1.34647,-1.60827,-0.848556,-58.4164,0.958699,2.39204
81.9568,83.1229,-3.31967,1314.52,121.479,-61.0835,1.24113,-3.4185,3716,-0.0117,-61.0835,-0.018032,80.4616,974.35,-1.00513,-1.69758,-0.512111,-58.4428,1.03386,1.89248
81.4044,82.55,-2.38877,1302.78,120.432,-61.0835,1.05184,-3.50034,3716,-0.00546003,-61.0835,-0.019012,80.527,974.267,-0.886597,-2.14182,-0.792172,-58.7956,0.997578,2.04682
80.2792,81.2612,-2.97816,1294.38,120.645,-61.0835,1.12743,-3.45942,3716,0.00156,-61.0835,-0.02058,80.4907,974.762,-1.126,-2.19004,-0.47665,-58.8806,1.02815,1.95674
80.3201,82.3455,-2.59265,1283.8,120.736,-61.0835,1.00931,-3.47988,3716,0.00195,-61.0835,-0.021952,81.8226,975.167,-1.34493,-1.66441,-0.231634,-59.3421,0.977519,2.02051
80.7702,83.1433,-2.71249,1272.64,120.227,-61.0835,0.847472,-3.70491,3716,0.00195,-61.0835,-0.025676,80.0816,975.266,-1.4166,-1.23124,-0.953032,-59.1012,1.04013,1.84481
82.4887,82.6523,-3.54508,1260.97,119.75,-61.0835,0.570859,-3.74583,3716,-0.00312001,-61.0835,-0.021756,79.2252,975.444,-1.70216,-0.427329,-0.447273,-59.2618,0.939712,2.09353
81.5271,83.0001,-3.31402,1249.3,121.304,-61.0835,0.770596,-3.4185,3716,-0.00195003,-61.0835,-0.020188,79.5347,976.657,-1.75532,-0.175602,-0.415833,-59.1441,1.02291,1.48039
82.2636,82.3046,-3.38167,1240.57,120.951,-61.0835,0.816867,-3.35713,3716,0.00663,-61.0835,-0.027048,79.441,976.739,-1.75902,-0.223932,-0.079613,-59.4996,0.973776,2.07043
81.1384,82.2841,-2.91929,1227.31,121.374,-61.0835,0.985032,-3.29576,3716,0.00546,-61.0835,-0.025676,79.6167,977.344,-1.55175,-0.60277,-0.98078,-59.3615,0.0788383,1.92141
82.1,82.8774,-2.82712,1216.29,122.047,-61.0835,1.05014,-3.25484,3715,-0.00234002,-61.0835,-0.022736,79.5542,978.004,-1.46109,-0.3296,0.135201,-59.8016,-0.291088,2.16104
81.343,82.6728,-2.85814,1206.09,122.068,-61.0835,1.56046,-3.4185,3715,-0.00624001,-61.0835,-0.024892,79.6664,978.465,-1.35778,-0.470254,-0.103941,-59.9741,0.229148,2.98657
81.4044,83.9617,-2.97494,1192.58,121.706,-61.0835,1.34255,-3.39804,3715,0.00975,-61.0835,-0.024108,79.6138,978.71,-1.32586,-0.803015,-0.870432,-60.1784,0.0800508,2.97726
82.325,83.3274,-2.87225,1182.03,121.261,-61.0835,1.36175,-3.37759,3716,-0.00779999,-61.0835,-0.021952,79.6905,979.011,-1.20744,-1.35673,-1.03048,-59.9951,-0.261051,3.00705
80.9748,81.9772,-2.25587,1173.12,121.677,-61.0835,1.18272,-3.50034,3716,-0.01443,-61.0835,-0.017052,79.6378,979.361,-1.19045,-1.54888,-0.505621,-60.3708,-0.108048,2.94949
80.852,82.0795,-2.54282,1161.81,120.901,-61.0835,1.24464,-3.45942,3716,0.00975,-61.0835,-0.033124,79.6984,979.317,-1.2212,-1.42257,-0.885036,-60.3028,-0.175015,3.20652
81.0566,82.1409,-3.33778,1150.48,121.639,-61.0835,1.02722,-3.50034,3716,0.00429,-61.0835,-0.03136,79.6562,980.201,-1.35405,-1.07872,-0.535589,-60.6054,-0.207344,3.06942
80.9952,82.2227,-3.29341,1141.17,122.686,-61.0835,1.3477,-3.56171,3716,0.00546,-61.0835,-0.028028,79.704,980.884,-1.40729,-0.769887,-0.393261,-60.6855,1.1509,2.94695
80.9952,82.0795,-3.1991,1130.25,122.318,-61.0835,1.40436,-3.60263,3716,-0.00506997,-61.0835,-0.019404,79.6653,981.067,-1.36815,-0.341244,-0.143354,-61.1504,0.349554,3.03949
80.7497,81.3226,-3.02031,1119.7,121.639,-61.0835,1.65465,-3.88904,3716,0.01677,-61.0835,-0.01666,79.7285,981.263,-1.39199,-0.0493803,-0.539307,-61.0535,-0.0283819,3.67123
80.5656,83.7571,-3.58763,1108.21,121.829,-61.0835,1.2191,-3.99133,3716,0.01092,-61.0835,-0.02254,79.6687,981.694,-1.68481,0.609554,-1.08092,-60.9728,0.232418,3.02815
82.5705,84.2276,-4.34663,1095.75,121.947,-61.0835,1.25113,-3.86858,3716,0.00312,-61.0835,-0.022932,79.7409,982.246,-2.10258,1.15843,-0.614533,-60.487,0.462383,2.97316
82.9592,84.8209,-3.22583,1084.02,121.391,-61.0835,1.00891,-3.39804,3716,0.0117,-61.0835,-0.017444,79.6631,982.272,-2.11985,1.22017,-0.873604,-60.4207,0.232527,3.2646
84.2685,85.5165,-3.43826,1071.26,122.509,-61.0835,1.21634,-3.95041,3716,0.01248,-61.0835,-0.018816,79.7435,983.196,-2.27274,0.888655,-0.47363,-60.0214,0.704534,3.37548
82.9183,82.8569,-4.02885,1059.86,122.951,-61.0835,1.20007,-3.54125,3716,0.00039,-61.0835,-0.021168,79.6724,983.97,-2.57704,-0.64286,-0.91009,-60.2896,1.24286,3.07758
81.5271,83.307,-3.90844,1047.89,122.687,-61.0835,1.12223,-3.64354,3715,0.00234,-61.0835,-0.019404,79.7348,984.235,-2.32292,-0.91537,-1.19505,-59.9825,0.647966,3.08661
82.4478,83.6548,-3.93478,1037.18,123.025,-61.0835,1.00537,-3.31622,3716,-0.00312001,-61.0835,-0.016856,79.6807,984.822,-1.98281,-0.777575,-0.368786,-60.3297,0.663608,3.20316
82.1,80.7293,-3.01781,1027.24,123.631,-61.0835,1.20599,-3.54125,3715,-0.00195003,-61.0835,-0.017444,79.7589,985.251,-1.51861,-1.23913,-0.846098,-60.2545,1.1109,2.85359
79.9519,80.9134,-3.69511,1013.17,123.01,-61.0835,1.08382,-3.82766,3716,-0.00351,-61.0835,-0.01568,79.678,985.543,-1.70866,-1.01851,-0.485924,-60.6897,0.98694,3.62356
79.9519,82.9797,-3.72788,1001.91,123.044,-61.0835,1.4715,-3.84812,3716,-0.00702,-61.0835,-0.01862,79.7631,985.918,-1.85613,-0.309902,-0.0157047,-60.7786,1.05629,4.1039
81.5885,82.8774,-4.46382,989.209,123.655,-61.0835,0.994516,-3.84812,3716,-0.00779999,-61.0835,-0.010584,79.674,986.715,-2.06066,-0.0669129,-1.47767,-60.7182,0.87312,3.35901
82.9387,83.532,-5.12121,978.517,123.688,-61.0835,0.831149,-3.99133,3716,-0.00936002,-61.0835,-0.01372,79.7764,987.087,-2.11812,0.263891,-0.848098,-60.1279,0.460851,2.89555
81.8545,83.082,-4.3164,968.072,124.127,-61.0835,0.840389,-3.99133,3715,-0.01092,-61.0835,-0.013916,79.653,987.727,-1.99543,-0.143378,-0.494677,-60.4606,0.719911,3.04878
81.343,82.1818,-4.08313,957.541,124.112,-61.0835,1.18629,-4.03225,3716,-0.01599,-61.0835,-0.01176,79.8346,988.07,-1.95947,-0.284055,-0.426609,-60.4134,0.521079,2.94695
81.1794,82.6319,-4.32093,944.874,123.846,-61.0835,1.3006,-4.09362,3715,-0.0312,-61.0835,-0.010192,79.2211,988.306,-2.20809,0.0459119,-0.119826,-60.9211,0.758068,3.86622
81.343,82.7751,-4.21511,933.168,122.743,-61.0835,1.47632,-4.23682,3716,-0.03081,-61.0835,-0.00901599,78.4347,988.131,-2.36123,0.505041,-0.641521,-60.6458,1.047,4.82339
82.7342,84.0026,-4.6715,920.637,123.363,-61.0835,1.16741,-4.17545,3716,-0.04446,-61.0835,-0.00646798,77.7357,989.031,-2.81031,0.568136,-0.918777,-60.6427,0.972822,4.21684
82.6728,84.6572,-4.46858,909.401,123.539,-61.0835,1.17218,-2.72293,3716,-0.05889,-61.0835,-0.00940798,79.6951,989.391,-2.57419,-0.0780794,-1.01755,-60.1306,1.00348,3.83377
82.059,78.8471,-4.02896,897.903,123.288,-61.0835,0.915673,-3.21392,3715,-0.07527,-61.0835,-0.00666399,80.5837,989.732,-1.89926,-1.01199,-0.99657,-60.3644,1.04064,3.81017
79.5427,81.6908,-2.56167,885.563,122.687,-61.0835,0.994535,-2.90705,3716,-0.08112,-61.0835,-0.00862397,80.2801,989.816,-1.18668,-0.497752,-0.698365,-60.1647,1.05527,3.99305
80.7088,82.7137,-3.30761,873.441,122.118,-61.0835,0.820076,-4.13453,3716,-0.07449,-61.0835,-0.011368,80.3194,990.12,-1.4002,0.408236,-0.471451,-60.4223,1.03165,4.09627
81.3021,82.6114,-4.12916,862.919,120.972,-61.0835,1.07061,-4.03225,3715,-0.04173,-61.0835,-0.00411599,78.9889,989.772,-2.06107,0.70344,-0.32878,-60.1335,0.954611,5.00875
81.118,80.4429,-3.03215,848.484,121.032,-61.0835,0.971956,-2.60019,3716,-0.11973,-61.0835,-0.00509598,78.316,990.367,-1.63623,0.490448,-0.378446,-60.3668,1.0444,5.32987
79.8701,84.0639,-2.02695,836.954,120.681,-61.0835,0.762441,-3.76629,3716,-0.34476,-61.0835,-0.00117599,78.3666,990.685,-0.833487,0.371589,-1.4728,-59.654,1.04233,4.08046
83.7775,81.2203,-1.87329,824.534,120.37,-61.0835,0.234858,-3.15255,3715,-0.56277,-61.0835,-0.00509598,78.3825,990.632,-0.488969,0.797616,-0.560183,-59.5144,1.062,3.49466
80.2792,78.0902,-1.03273,813.613,118.565,-61.0835,0.375062,-1.76141,3715,0.20709,-61.0835,-0.00156798,77.5006,990.559,0.389761,0.326278,-0.7553,-59.0775,1.06327,4.34673
78.172,83.6139,0.760018,806.053,115.326,-61.0835,0.300297,-0.308887,3716,0.10725,-61.0835,-0.00607599,71.5264,989.8,1.88881,0.890178,0.394082,-59.4119,1.11247,5.9602
80.5656,77.7424,2.27623,800.587,115.474,-61.0835,0.497702,0.693554,3716,0.09789,-61.0835,-0.00235199,66.8372,989.969,3.04875,0.132036,-1.4049,-58.9809,1.12389,4.72387
80.4224,85.2914,-0.0302126,799.878,114.865,-61.0835,-0.00511942,0.0593567,3716,0.01794,-61.0835,-0.00156798,63.8378,989.64,1.97743,0.962452,-1.49291,-58.9662,1.04314,3.79417
84.6777,85.8233,-1.46128,803.13,113.201,-61.0835,1.17593,1.02088,3716,-0.02262,-61.0835,-0.00450798,61.9861,989.086,1.55056,1.70554,1.97564,-59.3136,0.952395,3.62006
81.7931,81.6294,-0.881531,801.904,109.342,-61.0835,2.10681,0.0798149,3716,0.02691,-61.0835,-0.00509598,61.2109,987.691,1.69163,-0.83954,0.188606,-60.5155,0.978001,6.57379
79.8291,86.0688,2.12104,803.023,108.813,-61.0835,2.01132,3.41447,3716,0.1716,-61.0835,-0.003724,60.8001,987.539,3.05719,-1.3423,-1.79929,-60.1762,1.0639,5.88545
