85.7415,82.816,-3.21437,3249.63,161.196,130.956,-9.26167,-5.03469,2426,0.00312,129.901,0.000392,79.6826,926.354,-0.949844,0.157317,-0.211718,141.736,1.0006,28.5615
87.5418,82.8978,-3.62424,3234.27,161.168,130.956,-9.49568,-5.11652,2426,-0.00506997,129.901,0.000196,79.223,926.8,-1.14693,0.412994,-0.338732,141.739,0.977913,28.9412
85.8847,83.0615,-3.81967,3217.12,161.542,130.956,-9.31,-4.89148,2427,-0.000779989,129.901,0.000392,78.9597,927.538,-1.28344,-0.671371,-0.123633,141.754,0.975151,28.8658
84.5345,82.8978,-3.41687,3201.49,161.119,130.956,-9.48588,-4.91194,2426,-3.72462e-17,129.901,0.000588,78.5222,927.797,-1.1662,-1.05938,-0.0994115,141.549,1.00215,28.9012
85.0255,82.816,-3.5575,3185.13,161.064,130.956,-9.5769,-4.89148,2426,0.00429,129.901,-0.000391977,78.0173,928.275,-1.15353,-0.198728,0.0898159,141.734,0.981862,29.7154
86.2939,82.9183,-3.43484,3169.48,160.838,130.956,-9.68189,-5.03469,2427,0.00234,129.901,0.002156,78.0365,928.726,-1.06875,0.440273,0.148156,141.567,0.99585,29.9365
84.5958,82.8978,-3.39258,3153.91,160.583,130.956,-9.55825,-5.0756,2426,0.00312,129.901,0.002352,78.017,929.053,-1.19257,0.366344,0.20596,141.686,0.979381,29.8498
84.8823,82.8365,-3.72732,3136.66,160.325,130.956,-9.78584,-5.01423,2427,0.00312,129.901,0.00098,78.312,929.48,-1.38368,1.13112,0.161085,141.676,0.969488,29.9069
86.8462,82.8774,-3.53665,3119.44,160.208,130.956,-9.70902,-4.91194,2426,0.00273,129.901,0.000588,78.6047,930.018,-1.39831,2.02247,0.0897534,141.979,0.968448,29.8641
87.0303,82.9387,-3.4509,3100.84,160.649,130.956,-9.66733,-4.66644,2426,-0.00116998,129.901,-0.000783997,78.7241,930.862,-1.32333,1.33401,-0.089685,141.882,0.981575,29.8973
86.0075,82.9387,-2.93633,3084.63,160.761,130.956,-9.6176,-4.62553,2427,-0.00155997,129.901,0.000784,78.8014,931.372,-1.10227,0.0530764,-0.441808,142.097,1.01218,29.872
84.7595,82.9387,-2.98266,3067.72,160.136,130.956,-9.79509,-4.74828,2426,-0.000389995,129.901,0.001568,78.7323,931.645,-0.917307,-0.165653,0.0426124,141.964,1.01965,29.8985
85.2505,82.816,-3.00207,3051.95,160.13,130.956,-9.97362,-4.80965,2426,-0.00116998,129.901,-2.29207e-17,78.5999,932.168,-0.927435,0.569564,-0.040232,142.315,1.00147,30.703
87.7055,82.9592,-3.40028,3035.51,160.023,130.956,-10.0597,-4.85056,2427,0.00663,129.901,-0.000391977,79.0293,932.694,-0.956352,0.722942,-0.0747341,142.227,0.976025,30.9487
84.7595,83.2047,-3.23779,3021.27,159.396,130.956,-9.93957,-4.91194,2427,0.00195,129.901,0.000588,79.373,932.759,-0.916346,-0.869917,-0.380181,142.316,0.984716,30.8175
85.6187,82.2023,-2.89894,3005.56,160.832,130.956,-10.1695,-4.89148,2426,0.00273,129.901,-0.000391977,79.7681,934.166,-1.02333,-0.038943,-0.121122,142.175,1.00794,30.9642
87.1736,82.4478,-3.44496,2987.73,161.067,130.956,-9.84895,-5.11652,2426,0.00117,129.901,-0.000195997,80.1041,934.899,-1.2222,1.19817,0.294463,142.176,0.97798,30.2727
86.4371,83.2252,-3.72056,2969.09,159.967,130.956,-9.59678,-5.23927,2426,7.44924e-17,129.901,0.000392,78.8973,934.753,-1.37361,0.155068,0.135769,141.769,0.96575,29.743
84.3094,82.7342,-3.81813,2954.77,160.104,130.956,-9.73357,-4.85056,2426,0.00273,129.901,0.000588,78.4209,935.391,-1.55503,-0.640301,-0.384951,142.058,0.955997,30.2745
86.2529,82.7342,-3.28119,2937.21,160.609,130.956,-10.1022,-4.85056,2426,-0.000779989,129.901,0.000392,78.7047,936.32,-1.33296,0.719663,7.43264e-05,142.113,1.00121,30.9597
86.1711,82.7956,-3.23183,2918.64,161.281,130.956,-9.94292,-4.85056,2426,0.0039,129.901,9.16829e-17,78.9747,937.163,-1.2936,0.895803,0.120214,142.282,0.999978,30.8275
85.9256,82.7751,-3.25076,2902.22,160.559,130.956,-10.1296,-5.01423,2427,0.00039,129.901,-0.000195997,77.9909,937.411,-1.26295,0.695503,-0.274158,142.261,1.00044,30.9224
85.9665,82.7956,-3.33551,2883.77,160.2,130.956,-10.0039,-5.0756,2426,0.00117,129.901,-0.000391977,74.0043,937.824,-1.44472,0.410218,0.0152751,142.392,0.978007,30.8369
85.9665,82.816,-3.4466,2867.01,159.694,130.956,-10.2235,-4.6869,2426,0.00351,129.901,0.000196,70.4235,938.134,-1.65126,0.0398725,-0.374129,142.324,0.965625,31.1722
85.496,82.7956,-3.30318,2851.27,159.445,130.956,-10.1115,-4.54369,2427,0.00234,129.901,0.000196,68.4209,938.493,-1.53955,0.0198124,-0.0255371,142.398,0.980306,30.8287
85.4142,82.7956,-3.14935,2833.4,158.836,130.956,-10.1065,-4.4414,2427,-0.00273001,129.901,0.000196,68.0055,938.716,-1.36439,0.313481,0.220035,142.105,0.991689,30.941
85.5369,82.7751,-2.86595,2817.96,158.493,130.956,-9.95749,-4.33912,2426,2.43533e-17,129.901,0.000588,67.7542,939.038,-1.16887,0.433428,0.252558,142.176,0.995337,30.789
84.9845,82.7956,-2.85303,2804.8,157.572,130.956,-10.2855,-4.19591,2489,-0.00428999,129.901,-9.16829e-17,67.8517,939.035,-0.890515,0.580301,-0.0761063,142.193,1.01858,31.1018
86.5803,82.816,-2.57269,2788,156.868,130.956,-10.4438,-4.64598,2583,-0.00195003,129.901,0.000196,67.7188,939.157,-0.498049,1.37666,-0.287761,142.599,1.07418,31.6932
85.8847,83.082,-3.11726,2769.07,154.832,130.956,-10.3605,-5.48476,2692,-0.000389995,129.901,0.001764,67.8684,938.751,-0.553733,1.09155,0.271339,142.31,1.07028,30.9091
84.4731,82.9387,-4.62113,2756.7,152.772,130.956,-10.3413,-6.54858,2801,0.00156,129.901,0.00098,67.804,938.112,-0.971979,0.548233,0.221027,142.475,1.04401,30.8384
85.271,82.5296,-6.28229,2748.24,151.205,130.956,-10.9153,-7.22369,2910,0.00468,129.901,0.001176,67.8384,937.706,-1.66525,1.69139,-0.191638,142.713,1.00003,31.8035
87.2759,82.6523,-7.51447,2738.29,149.298,130.956,-10.8131,-8.08293,2988,0.00975,129.901,0.00098,68.2631,936.966,-2.48054,2.74263,0.158596,142.945,0.96903,31.5367
87.46,83.3274,-8.7001,2729.23,147.284,130.956,-10.669,-8.47163,2988,0.01014,129.901,-0.000195997,71.9058,936.329,-3.43325,2.04206,0.0917928,142.694,0.88668,30.7937
86.8053,83.2661,-8.59969,2716.76,146.143,130.956,-10.7478,-7.55102,2988,0.00936,129.901,-0.000195997,75.424,936.099,-3.98842,0.665593,-0.51286,143.022,0.88839,30.8806
86.1506,83.1638,-7.03873,2702.15,145.544,130.956,-11.1306,-7.30552,2988,0.00975,129.901,-0.000979977,81.0026,936.375,-3.73454,0.0631207,-0.316183,143.079,0.957413,31.1842
85.5983,83.0206,-6.82485,2685.34,145.843,130.956,-11.2958,-7.30552,2988,0.01248,129.901,1.37524e-16,81.1676,937.031,-3.62116,-0.287665,-0.236522,143.404,0.983222,32.0287
84.6777,83.1843,-6.66777,2669.79,145.369,130.956,-11.6741,-7.26461,2988,0.01131,129.901,-0.00117599,80.4944,937.335,-3.60361,-0.128155,0.028466,143.41,0.9779,32.5899
86.6416,83.0615,-6.94855,2653.25,145.322,130.956,-11.7291,-7.18278,2988,0.01092,129.901,-0.00215598,80.5665,937.835,-3.58761,0.360629,-0.257954,143.665,0.971923,33.059
87.4804,83.2865,-6.77727,2634.93,145.117,130.956,-11.5866,-6.97819,2989,0.00507,129.901,3.2089e-16,80.9176,938.41,-3.48059,0.437744,0.299837,143.286,0.969122,32.1799
85.7006,83.1433,-6.20963,2618.4,145.338,130.956,-11.3565,-6.85545,2989,0.00741,129.901,-0.000783997,80.2062,938.906,-3.15832,-0.465918,-0.0426339,143.281,1.01545,31.8221
85.2505,83.1229,-5.79753,2601.34,144.334,130.956,-11.5586,-7.14186,2988,0.00429,129.901,-0.000979977,79.2714,939.137,-2.91443,-0.244862,0.286098,143.082,1.01527,32.1552
86.5803,83.1229,-6.33607,2584.61,144.417,130.956,-11.7663,-7.14186,2988,0.00156,129.901,-0.000979977,79.5908,939.609,-2.98804,0.504186,-0.0373629,143.465,0.98045,33.2055
88.7693,83.6139,-6.14727,2569.76,144.219,130.956,-12.0158,-6.67133,2988,-0.000779989,129.901,-0.000783997,80.5121,940.08,-2.78555,1.22662,-0.450372,143.529,0.979754,33.4273
86.478,84.0026,-5.59641,2551.75,144.422,130.956,-11.446,-6.79408,2988,0.00078,129.901,-0.000783997,79.0358,940.778,-2.41454,0.641404,0.610792,143.337,1.03324,32.0074
86.0688,83.8389,-5.56621,2537.2,143.768,130.956,-11.6695,-6.91682,2988,0.00156,129.901,3.95383e-16,79.409,940.961,-2.28198,0.38552,-0.284074,143.267,1.01868,31.7922
85.5574,83.8594,-5.87254,2522.93,143.239,130.956,-11.7803,-6.95774,2988,0.00351,129.901,-0.000391977,74.9625,941.149,-2.44044,0.373862,0.0920154,143.56,0.999755,32.4567
85.6597,83.7571,-5.99566,2509.04,141.173,130.956,-12.2304,-6.58949,2989,0.00273,129.901,-0.00156798,69.7568,940.748,-2.66411,0.470401,0.027025,143.63,0.959598,33.2795
85.5369,83.6343,-5.77812,2496.02,140.378,130.956,-12.5128,-6.46675,2988,0.00507,129.901,0.000588,68.5235,940.651,-2.72662,0.853384,-0.0722023,144.075,0.974259,33.9672
85.9052,83.6548,-6.55901,2479.78,139.809,130.956,-12.7267,-6.30308,2988,0.00117,129.901,0.000392,67.9515,940.732,-2.83364,1.50115,0.557939,144.02,0.928123,33.7565
85.6597,82.6933,-5.46209,2466.32,137.34,130.956,-12.8818,-5.83255,3050,-0.00312001,129.901,4.12573e-16,68.0417,940.276,-2.65297,1.78838,0.092804,144.472,0.967091,34.2417
87.6032,82.9592,-4.86481,2450.31,136.457,130.956,-13.1815,-5.3211,3159,-0.00467998,129.901,0.000588,67.7924,940.509,-2.17328,2.57569,-0.400374,144.622,1.02062,34.1426
86.5393,84.4731,-4.47423,2434.56,135.918,130.956,-12.5306,-5.81209,3269,-0.00116998,129.901,0.000588,67.9125,940.789,-1.62212,1.63638,0.505031,144.45,1.10047,32.605
84.8823,83.6957,-5.80889,2422.09,133.407,130.956,-12.778,-7.30552,3377,0.00117,129.901,0.00196,67.8355,939.82,-1.77421,0.478708,0.018688,144.345,1.08773,32.221
84.0435,83.0615,-8.02757,2412.28,131.025,130.956,-13.5497,-7.67377,3486,0.00702,129.901,0.002744,67.9863,939.318,-2.9009,0.751437,-0.532949,145.15,0.993516,34.0218
85.5165,82.5091,-9.69445,2404.72,128.769,130.956,-14.3291,-8.57392,3596,0.00663,129.901,0.005684,67.888,938.639,-4.07088,1.97346,-0.217172,145.554,0.948567,34.9226
86.2529,82.5705,-10.9597,2395.11,127.278,130.956,-14.2626,-8.34888,3627,0.01053,129.901,0.00294,67.9284,938.323,-5.3405,3.27467,0.698051,145.824,0.88979,34.8588
87.1736,83.3684,-10.698,2382.3,125.781,130.956,-14.21,-7.79652,3626,0.00624,129.901,0.003724,67.9042,938.125,-6.02334,3.29074,0.3194,145.75,0.879387,34.007
86.5393,83.1843,-9.73301,2365.71,124.92,130.956,-14.2466,-6.65087,3627,0.0039,129.901,0.00392,68.0998,938.378,-6.03255,2.40931,-0.545945,146.248,0.928325,33.8532
86.7644,83.1843,-8.1925,2350.12,123.55,130.956,-14.5627,-5.89392,3627,-1.47552e-16,129.901,0.005488,70.1274,938.378,-5.45769,2.18956,-0.482382,146.416,0.964815,33.8478
85.5983,83.1638,-6.37667,2332.66,123.309,130.956,-14.5179,-5.38247,3626,-0.00273001,129.901,0.005488,73.3489,938.846,-4.54939,1.88393,-0.454572,146.776,1.01953,33.9123
84.9436,83.1638,-5.5563,2317.78,122.836,130.956,-14.8196,-4.87102,3626,-0.000779989,129.901,0.005488,75.4817,939.173,-3.84299,1.64512,-0.431356,146.918,1.04893,33.798
85.5983,83.0615,-5.56241,2303.88,121.53,130.956,-14.9192,-4.2982,3626,-0.00312001,129.901,0.004116,76.3162,939.119,-3.718,1.83829,-0.46139,147.415,1.02216,34.8318
86.969,83.1229,-6.40301,2290.85,121.829,130.956,-14.9692,-4.01179,3626,-0.00546003,129.901,0.006272,76.639,939.627,-3.64141,1.94363,-0.369499,147.381,0.9904,34.203
85.5574,83.1229,-5.95311,2279.1,120.821,130.956,-14.8441,-3.86858,3626,-0.00585002,129.901,0.005488,77.8018,939.656,-3.38434,1.57289,-0.364923,147.672,1.00025,34.1344
85.496,83.041,-5.62118,2267.29,120.104,130.956,-15.3571,-4.15499,3626,-0.00897002,129.901,0.004508,78.0885,939.781,-3.05506,1.88685,-0.536705,148.057,0.9965,35.0002
88.2783,83.1433,-6.18224,2254.87,120.794,130.956,-15.3374,-3.45942,3626,-0.00975001,129.901,0.003136,79.6135,940.531,-2.86833,2.16012,-0.505599,148.506,0.97149,34.7981
87.5623,83.9821,-5.17652,2243.97,120.945,130.956,-15.3932,-3.35713,3626,-0.00897002,129.901,0.004312,80.3528,940.852,-2.02817,0.625844,-0.364512,148.488,1.01632,34.8606
84.2685,83.8389,-4.91381,2233.05,121.219,130.956,-15.7872,-4.33912,3626,-0.00779999,129.901,0.002548,80.5956,941.387,-1.43826,-0.886559,-0.420584,149.024,1.05161,35.492
84.6572,82.5296,-4.99534,2224.17,119.719,130.956,-16.7776,-4.54369,3627,-0.00546003,129.901,0.001372,80.4963,941.227,-1.57963,-0.571425,-0.610484,149.487,0.999904,37.6235
88.4829,83.1229,-5.63248,2214.49,121.83,130.956,-16.9106,-4.95285,3626,-0.00234002,129.901,0.002156,80.7874,942.513,-1.87679,0.50112,-0.177515,149.861,0.994008,37.7622
85.496,84.0435,-6.13711,2202.99,122.456,130.956,-16.1376,-5.38247,3626,-0.00155997,129.901,0.001372,80.9657,942.728,-2.42577,-0.613068,1.59621,148.855,0.990672,36.2488
83.2047,82.6114,-6.5369,2193.92,119.607,130.956,-15.9789,-5.73026,3626,-0.00467998,129.901,0.000588,78.8767,942.093,-3.28329,-1.74161,0.0640073,148.74,0.968938,35.8685
84.3504,81.118,-7.84109,2182.63,118.081,130.956,-16.3979,-4.4414,3626,-0.000779989,129.901,0.000392,78.2179,941.946,-4.19402,-1.01317,-0.184879,148.627,0.8835,36.975
84.5345,81.4658,-7.41755,2169.56,119.773,130.956,-16.2268,-3.0298,3626,-0.00155997,129.901,0.00196,79.8961,943.033,-3.9494,-0.246766,-0.0407712,148.595,0.921019,36.7349
86.212,81.9159,-4.5934,2156.78,120.73,130.956,-16.6152,-3.80721,3626,-0.00234002,129.901,0.002156,80.5868,943.706,-2.5169,1.03356,-0.539435,148.774,1.03966,36.9792
88.1146,84.1253,-3.96186,2143.02,120.082,130.956,-16.0248,-4.07316,3626,-0.00975001,129.901,0.001176,79.8798,944.166,-2.02927,1.20424,-0.025482,148.647,1.04541,35.7939
86.0279,83.9207,-4.72993,2129.62,120.633,130.956,-15.7673,-3.84812,3627,-0.00155997,129.901,-0.000587987,79.149,944.819,-2.12361,0.292098,0.10399,148.16,1.03041,34.8581
84.8823,82.816,-5.25162,2120.39,120.891,130.956,-15.8784,-4.58461,3626,-0.00351,129.901,-0.000587987,79.7867,945.056,-2.2468,-0.668076,-0.383543,148.44,0.998113,35.3491
86.3348,82.8978,-5.68901,2110.95,119.534,130.956,-16.5808,-5.28018,3626,0.00234,129.901,2.06287e-16,79.4224,944.918,-2.6238,-0.189015,-0.705353,148.731,1.03844,36.6372
86.7235,82.9592,-6.70523,2099.47,119.531,130.956,-16.1612,-4.80965,3626,0.00234,129.901,-0.000979977,79.3755,945.582,-3.45827,0.279044,0.0455111,148.561,0.439117,35.8862
86.7439,82.9592,-7.44409,2086.2,119.198,130.956,-15.7089,-4.33912,3626,-0.00273001,129.901,-0.000979977,79.1461,945.726,-3.69011,0.261233,0.270404,147.948,-0.78689,34.5735
85.7824,83.8798,-5.72712,2074.85,120.753,130.956,-14.5154,-3.68446,3627,-0.00506997,129.901,-0.000979977,79.0298,946.706,-3.10225,-0.493282,1.14382,147.105,-0.379334,32.1962
82.2636,82.7137,-4.73136,2062.81,117.951,130.956,-13.9834,-4.56415,3626,-0.00155997,129.901,-0.000391977,78.2521,945.745,-2.52537,-1.68229,0.471527,146.112,0.453604,30.7629
84.0435,76.5354,-4.46153,2049.7,120.605,130.956,-14.0684,-3.09117,3626,-0.00546003,129.901,1.71905e-16,78.5014,947.491,-2.63283,-0.989923,-0.609258,146.202,-0.218317,30.9882
86.0893,80.627,-3.98942,2039.52,121.657,130.956,-13.7342,-5.40293,3626,-0.000779989,129.901,0.001568,79.7542,948.084,-2.50693,1.75598,-0.0106335,145.568,0.0625578,30.1845
86.3552,82.7956,-6.32798,2026.92,120.092,130.956,-12.7924,-5.40293,3626,0.00312,129.901,-0.000391977,77.5934,947.569,-3.40005,1.4874,-0.0652428,145.144,-0.507879,28.2088
82.591,80.4429,-8.13464,2017.54,117.613,130.956,-13.5083,-4.54369,3627,0.00234,129.901,-0.001372,76.2334,947.308,-4.18656,0.378377,-1.63336,145.568,-0.767285,29.8543
85.005,81.3635,-5.94067,2006.69,117.891,130.956,-14.9412,-3.15255,3626,0.00156,129.901,-0.000195997,78.0488,947.948,-3.83686,0.555293,-2.90149,147.124,-0.420742,33.0303
90.1809,82.3659,-3.17069,1994.33,120.292,130.956,-15.6571,-3.9095,3626,0.00273,129.901,0.000392,79.8984,949.186,-2.93954,1.53682,-0.983268,147.709,1.05216,34.1315
85.8233,86.4575,-5.44018,1979.76,121.353,130.956,-14.7304,-4.25728,3626,-0.00195003,129.901,-0.000979977,79.4108,950.021,-3.23462,0.0963384,0.794756,147.279,0.53647,32.4574
84.9232,82.7956,-5.45343,1970.3,119.17,130.956,-14.9919,-4.46186,3626,-0.00506997,129.901,0.00098,77.1269,949.243,-3.47123,-0.700355,-0.386948,147.168,0.628165,32.6556
85.3732,83.1433,-6.09964,1958.72,118.187,130.956,-14.9098,-4.15499,3626,-0.00467998,129.901,-0.000979977,76.6489,949.426,-3.77393,0.0289528,-0.154274,147.306,0.545608,32.9686
85.3732,83.1638,-5.6479,1948.57,118.817,130.956,-14.7646,-3.60263,3626,0.00039,129.901,-0.000587987,78.2411,950.087,-3.58757,0.071505,-0.00826438,146.872,0.578999,32.5509
85.6392,83.2047,-5.81632,1935.54,117.947,130.956,-14.1984,-4.27774,3626,-2.12017e-16,129.901,-0.00117599,79.024,950.446,-3.12166,-0.00856339,0.205996,146.689,0.613713,31.437
83.9003,82.2841,-4.90553,1924.12,118.967,130.956,-13.9587,-3.95041,3626,-0.00467998,129.901,0.001176,79.4236,951.298,-2.7854,-0.909262,0.0961543,146.136,0.0157814,30.8244
84.2481,81.609,-5.50298,1910.79,118.055,130.956,-13.8162,-3.68446,3626,0.00351,129.901,0.00098,79.6328,951.575,-2.60303,-0.285199,-0.247811,146.204,0.694277,30.9218
82.9387,79.9928,-4.30968,1899.26,115.899,130.956,-13.6437,-3.43896,3626,-0.00273001,129.901,0.000784,79.496,950.226,-2.45428,0.115124,0.00443928,145.739,1.03284,30.3703
87.8487,83.4707,-1.47948,1887.27,118.3,130.956,-13.0645,-4.56415,3627,-0.00702,129.901,-0.00215598,81.0428,951.918,-1.91134,1.35151,-0.0257981,145.645,1.0331,29.1861
82.3046,85.987,-4.18491,1872.36,120.213,130.956,-11.7451,-4.35957,3626,-0.00351,129.901,-0.000195997,81.0861,953.12,-2.23731,0.208631,1.55704,144.295,1.03629,25.873
80.0746,78.9494,-6.81673,1862.42,119.345,130.956,-12.1296,-3.92995,3626,-0.00273001,129.901,0.000196,77.7911,953.301,-3.10392,-2.12555,-1.64825,144.69,0.957735,26.9604
81.7931,80.7497,-3.83961,1857.94,116.201,130.956,-14.2021,-4.11407,3626,0.00039,129.901,-0.000979977,78.598,952.36,-2.87087,0.232825,-3.18723,146.097,0.954459,31.2639
91.6334,85.6392,-6.4064,1842.1,118.834,130.956,-14.1384,-4.66644,3626,0.00195,129.901,-0.00411599,80.5723,953.664,-3.23947,2.52124,-0.510631,146.545,1.02482,31.6906
85.2505,86.212,-7.88606,1832.62,118.95,130.956,-12.7435,-1.94553,3626,-0.000389995,129.901,-0.00176399,81.3859,954.299,-3.34845,0.579513,1.84835,145.247,0.483032,28.1731
84.289,81.6703,-1.13015,1819.74,124.499,130.956,-12.8293,-4.70736,3626,-0.00663001,129.901,-0.00156798,79.6642,957.443,-1.75298,-3.03008,-1.13186,145.485,0.950984,28.3404
79.3995,75.9421,-5.85508,1805.22,121.268,130.956,-13.5199,-6.22125,3626,-1.43255e-16,129.901,-0.000195997,82.7696,955.513,-3.01172,-1.75923,-0.718836,145.252,1.10912,29.9489
86.5598,82.7751,-8.71848,1797.31,118.498,130.956,-12.8092,-4.46186,3626,0.00429,129.901,-0.00117599,82.4363,955.577,-4.50734,0.583311,2.38712,144.758,0.759261,28.6221
86.4166,83.041,-5.92347,1788.86,120.247,130.956,-13.664,-4.85056,3626,0.00117,129.901,-0.000391977,80.4876,955.756,-3.67865,0.644794,-1.42938,145.534,1.03589,30.8207
88.1146,83.6139,-6.8915,1771.7,119.712,130.956,-14.0297,-4.99377,3626,-0.00389999,129.901,-0.000195997,80.9201,956.527,-3.55307,0.204278,-1.49003,146.334,0.900978,31.8957
85.5983,83.8594,-6.7628,1759.13,120.854,130.956,-13.757,-4.56415,3626,-0.00351,129.901,-0.00235199,80.5987,957.482,-3.77235,-0.98504,1.11049,145.806,1.01391,31.0299
86.212,83.0615,-4.9234,1738.73,123.159,130.956,-13.4299,-3.64354,3626,-0.00546003,129.901,-0.00274398,80.9617,959.005,-3.53309,-1.35611,-0.7649,145.717,1.02509,30.9181
87.8896,83.1024,-5.71926,1725.68,125.053,130.956,-12.1051,-4.21637,3626,-0.00624001,129.901,-0.00196,80.7191,960.077,-3.03774,0.38619,1.04409,144.197,1.12216,27.44
84.6572,84.1458,-10.2509,1717.77,124.098,130.956,-8.68585,-7.01911,3626,-0.00234002,129.901,-0.000587987,80.7772,959.694,-3.20324,-1.00688,2.17658,141.213,0.873704,20.856
78.8676,75.492,-8.05023,1704.41,123.731,130.956,-9.12326,-5.36202,3626,-0.00663001,129.901,0.002548,78.3384,960.354,-3.97968,-2.82748,-0.487037,140.884,0.970432,21.2768
87.91,80.7497,-5.49753,1695.47,124.508,130.956,-12.1266,-5.25972,3626,-0.00936002,129.901,0.001372,79.3112,960.781,-3.48027,-1.91578,-3.42439,143.755,1.03096,28.1838
85.9665,84.2481,-7.23398,1679.58,123.941,130.956,-13.0014,-4.70736,3626,-0.01014,129.901,0.001568,80.815,961.903,-3.49691,-1.01842,-0.751445,144.043,1.04212,29.7167
88.5033,83.2661,-7.27967,1669.77,126.79,130.956,-12.0917,-5.15743,3626,-0.00546003,129.901,0.004704,80.2547,962.838,-4.38002,0.141924,1.3913,143.383,0.98342,28.121
89.0966,84.6572,-7.59684,1657.22,124.495,130.956,-11.7747,-6.28262,3626,-0.00273001,129.901,0.003332,77.0032,962.22,-4.5869,0.405579,-0.428988,142.922,1.02612,26.7769
85.1073,84.7186,-9.91384,1652.24,120.467,130.956,-10.628,-5.05515,3626,0.00039,129.901,0.008232,75.6882,961.091,-5.47074,-0.736556,0.989052,142.077,0.845261,25.3995
86.8871,82.8569,-8.67491,1636.7,122.213,130.956,-11.1501,-4.99377,3626,0.00117,129.901,0.006664,75.9501,962.308,-5.52126,0.476229,-0.598496,142.149,0.930653,26.3567
90.2627,86.6621,-7.27787,1621.49,124.993,130.956,-11.4143,-4.80965,3626,-0.00546003,129.901,0.0098,75.8912,963.502,-5.37433,-0.220343,-1.28154,142.869,0.974733,26.1545
84.1253,82.3659,-7.57827,1608.21,123.281,130.956,-11.1887,-3.88904,3626,-0.0117,129.901,0.013328,76.0906,963.177,-4.78315,-1.10898,-0.624109,142.18,1.0112,25.7075
81.6908,75.8807,-6.40006,1592.04,123.961,130.956,-10.6363,-4.80965,3626,-0.01755,129.901,0.01372,75.9827,964.56,-3.99794,1.28699,1.86999,141.727,1.00089,24.7217
91.2447,82.0795,-6.20762,1578.98,120.374,130.956,-10.9496,-4.91194,3626,-0.02379,129.901,0.012544,76.1014,963.435,-3.521,3.3529,-0.293575,142.1,1.01399,25.4337
82.9797,83.798,-6.98987,1564.99,122.102,130.956,-10.6808,-4.42094,3626,-0.03159,129.901,0.016856,75.9725,964.347,-3.73528,1.56146,-0.168132,142.534,0.954733,25.1393
86.9076,79.9519,-5.15997,1552,125.168,130.956,-11.4201,-4.78919,3626,-0.03471,129.901,0.017444,78.578,965.889,-3.20055,1.44197,-1.49149,143.063,1.10704,25.731
85.8642,82.7751,-6.96024,1537.53,127.427,130.956,-10.8936,-5.56659,3626,-0.03393,129.901,0.016464,79.7353,967.505,-3.60373,1.94068,0.421624,143.095,1.01806,24.7675
89.0966,83.307,-7.79302,1530.57,125.545,130.956,-10.4975,-5.62797,3626,-0.02184,129.901,0.017248,79.4277,967.051,-4.37305,3.0855,0.124594,142.742,1.00282,23.278
85.496,84.1049,-10.3965,1516.37,124.864,130.956,-9.51043,-5.01423,3626,-0.02496,129.901,0.020384,79.4854,967.148,-4.13812,2.40814,1.99934,142.449,0.893642,21.3592
85.0255,83.0615,-7.26206,1509.4,124.344,130.956,-10.9684,-4.21637,3626,-0.02223,129.901,0.014896,79.3457,967.403,-3.39267,1.88332,-1.41371,143.649,1.01848,23.9296
91.5925,86.0688,-7.1458,1499.76,124.773,130.956,-12.2661,-5.11652,3626,-0.02028,129.901,0.01764,79.9527,967.856,-2.35937,1.36358,-2.79069,145.556,1.00486,27.2445
83.9003,82.4478,-4.76521,1488.35,123.676,130.956,-12.1678,-4.85056,3626,-0.01443,129.901,0.014308,80.1455,967.958,-2.20243,0.6327,-0.666785,145.232,1.0934,26.8245
86.4575,82.0181,-7.28703,1482.26,122.254,130.956,-10.2026,-5.38247,3626,-0.00663001,129.901,0.014504,80.1745,967.682,-2.77721,0.93802,2.47681,143.783,0.960083,22.7127
80.7293,41.9,-6.55834,1472.27,122.423,130.956,-9.38936,-4.80965,3626,0.00585,129.901,0.009408,80.1557,967.813,-3.63167,0.132484,0.577688,142.749,0.986421,20.5779
86.1097,83.041,-9.20689,1462.38,120.994,130.956,-9.61548,-5.36202,3626,0.01716,129.901,0.009016,80.1837,967.671,-4.12387,0.287779,-0.557706,143.254,0.901366,21.2538
84.5345,41.9,-8.80407,1455.73,119.883,130.956,-11.3985,-3.56171,3627,0.02067,129.901,0.010584,80.1398,967.248,-4.03016,-0.475528,-3.32409,144.553,0.876462,24.991
81.5271,83.1638,-4.32467,1440.88,123.269,130.956,-12.1961,-4.03225,3626,0.0156,129.901,0.007056,80.3318,969.743,-2.81322,-0.592925,-5.46294,145.435,1.06605,27.0016
85.9461,41.9,-3.89303,1428.33,122.399,130.956,-10.7901,-5.68934,3626,0.01989,129.901,0.005096,80.8562,969.389,-2.5328,0.164949,-2.66946,143.696,1.12395,23.7268
82.0181,75.983,-8.43383,1419.46,122.476,130.956,-7.18814,-4.46186,3626,0.03159,129.901,0.008624,80.675,969.832,-4.03867,0.0039601,-1.79404,140.327,0.90669,16.6816
78.2948,41.9,-8.39901,1402.79,125.174,130.956,-6.00309,-4.87102,3626,0.03783,129.901,0.008428,79.9424,971.008,-4.36781,1.93755,-1.48419,138.558,0.959528,13.0486
85.496,82.1409,-9.7624,1393.18,122.752,130.956,-6.53687,-4.66644,3626,0.03588,129.901,0.007448,79.8683,970.938,-4.59367,1.59436,-6.03852,139.352,0.890217,14.872
81.4044,79.3177,-6.41523,1380.51,122.762,130.956,-8.43882,-4.31866,3626,0.03003,129.901,0.005292,79.5783,971.04,-4.22529,-0.00292656,-8.54321,140.533,0.999926,18.6959
92.4108,86.3348,-5.13007,1370.15,123.388,130.956,-8.71288,-3.92995,3626,0.02613,129.901,0.002744,78.5922,971.932,-3.52031,3.10331,-8.9612,141.078,1.04364,19.3053
88.7488,41.9,-6.88709,1355.53,121.381,130.956,-5.11485,-4.48232,3626,0.03939,129.901,0.004116,78.432,971.722,-3.03358,3.52911,-6.55887,137.563,0.980213,11.7413
72.4847,65.9381,-8.04669,1335.82,120.412,130.956,-1.74324,-3.86858,3626,0.03471,129.901,0.001568,78.3404,971.877,-3.432,-0.310176,-6.21996,134.267,0.919014,6.10067
83.2047,88.2169,-2.94306,1330.73,121.306,130.956,-3.95666,-2.45698,3626,0.02925,129.901,0.007448,78.6862,972.321,-2.16082,2.85817,-10.6978,135.552,1.06071,9.7041
88.667,76.7195,-3.00704,1318.44,122.898,130.956,-5.23858,-5.0756,3627,0.0585,129.901,0.003332,79.754,972.951,-0.99892,3.58184,-11.998,137.321,1.13839,11.8457
78.9085,87.3986,-7.05388,1305.62,119.516,130.956,-5.34617,-4.74828,3626,0.09204,129.901,-1.26064e-16,79.7796,972.182,-2.28014,4.58476,-9.96852,136.964,0.941352,12.0636
79.42,76.1467,-7.78265,1299.02,120.784,130.956,-5.14425,-4.87102,3626,0.13377,129.901,0.003332,79.5116,972.998,-2.75004,4.46338,-11.1039,137.232,0.902963,11.8278
79.3381,81.4862,-5.41261,1283.68,118.442,130.956,-6.11059,-4.07316,3626,0.16302,129.901,0.002744,78.9235,973.147,-2.02947,4.67864,-15.8402,137.701,1.01825,12.7897
83.7775,75.5739,-4.21897,1278.3,114.691,130.956,-5.35016,-4.70736,3626,0.20358,129.901,-0.000391977,78.5668,971.914,-1.13444,5.96409,-18.1873,137.458,0.962805,13.0749
82.55,80.1565,-1.70589,1265.12,115.777,130.956,-3.84835,-1.20904,3626,0.19149,129.901,-0.00391998,78.4132,971.888,0.571924,5.75502,-19.8946,135.759,1.06563,9.12117
83.6343,71.0936,-0.293571,1255.12,112.317,130.956,-1.0744,-2.45698,3626,0.29484,129.901,-0.003724,78.0437,971.862,1.83127,4.68068,-15.8274,133.578,1.05324,6.67696
74.9601,79.8291,-0.608842,1245.59,112.548,130.956,-0.475474,-1.3727,3626,0.09789,129.901,-0.00391998,72.7841,971.973,1.43101,3.23799,-14.7836,132.506,1.05206,5.73933
71.7891,71.8505,-1.99364,1239.48,112.2,130.956,-0.703455,0.652637,3627,0.26988,129.901,0.001372,67.2321,972.395,1.30681,2.78654,-17.277,132.915,1.02409,3.85719
74.2032,75.5125,-0.995608,1241.38,108.039,130.956,-2.00121,1.34821,3626,0.09984,129.901,0.002744,64.0152,970.346,1.87565,3.74269,-19.115,133.383,0.980993,8.17232
74.0804,72.812,0.0214643,1235.33,106.976,130.956,-1.54405,2.16653,3626,0.16263,129.901,0.00588,62.0954,970.143,2.57225,5.70904,-12.0692,133.477,1.06481,6.81929
67.8612,65.6927,-1.44706,1237.59,104.58,130.956,-1.60742,2.73935,3626,0.21411,129.901,0.005096,61.3019,969.35,1.66239,1.31945,-11.181,133.478,1.0034,6.85143
67.002,65.6722,-2.10326,1244.43,104.57,130.956,-2.31342,4.56012,3626,0.0546,129.901,0.010388,60.606,969.11,0.960484,0.0550869,-19.3988,134.425,1.00936,5.93553
66.7565,65.5699,-3.12056,1246.21,101.286,130.956,-0.91431,4.06912,3626,-0.37986,129.901,0.015484,58.7796,967.776,0.743257,-0.479194,1.34668,132.6,0.984783,4.58179
