data_instance,flight_record,departure_airport,departure_runway,arrival_airport,arrival_runway,label
288,652200107130932,KDTW,21L,KCLE,6L,0
289,652200107131103,KCLE,6L,KDTW,21L,0
306,652200107171108,KCLE,24L,KDTW,21L,0
315,652200107191112,KCLE,6L,KDTW,21L,0
514,652200109211051,KDTW,21L,KCLE,24R,0
515,652200109211218,KCLE,24R,KDTW,21L,0
744,652200111260730,KDTW,21L,KCLE,6L,0
745,652200111260854,KCLE,6L,KDTW,3R,0
992,652200203220809,KCLE,6L,KDTW,4R,0
1242,652200206131129,KDTW,21L,KCLE,24R,0
1243,652200206131257,KCLE,6L,KDTW,21L,0
1256,652200206191122,KDTW,21R,KCLE,24L,0
1257,652200206191256,KCLE,24R,KDTW,21L,0
1260,652200206201259,KCLE,6L,KDTW,3R,0
1297,652200207041118,KDTW,21L,KCLE,24L,0
1298,652200207041317,KCLE,24R,KDTW,21L,0
1891,652200302110753,KCLE,24L,KDTW,3R,0
2005,652200304021852,KDTW,21R,KCLE,24R,0
2023,652200304070525,KCLE,24R,KDTW,4R,0
2087,652200305211659,KDTW,21L,KCLE,24L,0
2170,652200306221852,KDTW,21L,KCLE,24R,0
2736,653200109181310,KDTW,21R,KCLE,24L,0
2737,653200109181438,KCLE,24R,KDTW,21L,0
2981,653200112100726,KDTW,21L,KCLE,6L,0
2982,653200112100851,KCLE,6L,KDTW,21L,0
2990,653200112120731,KDTW,21L,KCLE,24R,0
2991,653200112120911,KCLE,24L,KDTW,21L,0
3906,653200301230754,KCLE,6L,KDTW,3R,0
4179,653200305290407,KCLE,6L,KDTW,3R,0
4252,653200306211855,KDTW,21R,KCLE,24L,0
4253,653200306220421,KCLE,24R,KDTW,21L,0
4262,653200306241656,KDTW,21R,KCLE,24R,0
4358,653200307282049,KDTW,22L,KCLE,6L,0
4360,653200308171807,KDTW,4R,KCLE,6L,0
4387,653200308241959,KDTW,27R,KCLE,24R,0
4396,653200308262029,KDTW,21R,KCLE,24R,0
4843,654200107040617,KDTW,21L,KCLE,24L,0
5085,654200109191218,KDTW,21L,KCLE,28,0
5086,654200109191433,KCLE,24L,KDTW,22R,0
5118,654200109301006,KDTW,21L,KCLE,24R,0
5119,654200109301349,KCLE,24L,KDTW,21L,0
5302,654200112140731,KDTW,21R,KCLE,6L,0
5370,654200201020728,KDTW,3L,KCLE,24L,0
5371,654200201020858,KCLE,24R,KDTW,21L,0
5377,654200201030737,KDTW,21R,KCLE,6L,0
5378,654200201030911,KCLE,6L,KDTW,21L,0
6214,654200301110410,KCLE,6L,KDTW,27R,0
6275,654200302201130,KDTW,3L,KCLE,6L,0
6276,654200302201259,KCLE,6R,KDTW,3R,0
6284,654200302221101,KCLE,6R,KDTW,21L,0
6285,654200302221326,KCLE,6L,KDTW,21L,0
6299,654200302270702,KDTW,21R,KCLE,24R,0
6300,654200302271102,KCLE,24L,KDTW,21L,0
6526,654200305171651,KDTW,21R,KCLE,6L,0
6527,654200305180413,KCLE,6L,KDTW,21L,0
6575,654200306011652,KDTW,21R,KCLE,24L,0
6576,654200306020414,KCLE,24L,KDTW,21L,0
6589,654200306041657,KDTW,21R,KCLE,24L,0
6608,654200306161701,KDTW,21R,KCLE,24L,0
6618,654200307211857,KDTW,21R,KCLE,24L,0
6624,654200307241511,KDTW,3L,KCLE,6L,0
6875,655200106040936,KDTW,3L,KCLE,24R,0
6876,655200106041116,KCLE,6L,KDTW,3R,0
6884,655200106061109,KCLE,6R,KDTW,21L,0
7371,655200111160730,KDTW,21L,KCLE,24R,0
7372,655200111160855,KCLE,24L,KDTW,21L,0
7396,655200112020856,KCLE,24L,KDTW,22R,0
7902,655200207081123,KDTW,21L,KCLE,6R,0
7903,655200207081257,KCLE,6L,KDTW,21L,0
8152,655200209140739,KDTW,21R,KCLE,24R,0
8507,655200301101126,KDTW,21R,KCLE,6R,0
8508,655200301101258,KCLE,6R,KDTW,3R,0
8615,655200302131124,KDTW,21R,KCLE,6L,0
8616,655200302131300,KCLE,24R,KDTW,21L,0
8757,655200303260408,KCLE,6L,KDTW,21L,0
8907,655200307101455,KDTW,3L,KCLE,6L,0
9012,655200308111958,KDTW,21R,KCLE,6L,0
9061,655200308272052,KDTW,21L,KCLE,24R,0
9368,656200109201214,KDTW,4L,KCLE,NAN,0
9509,656200112180733,KDTW,3L,KCLE,6R,0
9510,656200112180858,KCLE,6R,KDTW,22L,0
10045,656200206271208,KDTW,21L,KCLE,24L,0
10046,656200206271317,KCLE,24R,KDTW,21L,0
10143,656200207291041,KCLE,6L,KDTW,3R,0
10367,656200210141952,KDTW,21R,KCLE,6L,0
10368,656200210150523,KCLE,24L,KDTW,21L,0
10418,656200210281958,KDTW,21R,KCLE,24L,0
10419,656200210290509,KCLE,6L,KDTW,3R,0
10473,656200211111955,KDTW,3L,KCLE,6L,0
10474,656200211120529,KCLE,6R,KDTW,21L,0
10778,656200303100642,KDTW,21L,KCLE,24L,0
10779,656200303100757,KCLE,28,KDTW,27L,0
10780,656200303100935,KDTW,21R,KCLE,24L,0
10781,656200303101101,KCLE,6L,KDTW,21L,0
10786,656200303111128,KDTW,21L,KCLE,24L,0
10787,656200303111259,KCLE,24R,KDTW,21L,0
10898,656200304241704,KDTW,21R,KCLE,6R,0
10899,656200304250414,KCLE,6L,KDTW,4R,0
10955,656200305170416,KCLE,6L,KDTW,3R,0
11049,656200306181659,KDTW,3L,KCLE,6L,0
11098,656200307011700,KDTW,21R,KCLE,24L,0
11153,656200307171438,KDTW,22L,KCLE,24L,0
11208,656201007241122,KDTW,27R,KCLE,6L,0
11209,656201007241258,KCLE,6L,KDTW,3R,0
11216,656201007251124,KDTW,3L,KCLE,6L,0
11217,656201007251258,KCLE,6L,KDTW,3R,0
11412,657200307060421,KCLE,24L,KDTW,22R,0
11490,657200307290420,KCLE,6L,KDTW,21L,0
12098,658200111190858,KCLE,6L,KDTW,21L,0
12106,658200111210732,KDTW,21R,KCLE,24R,0
12131,658200111280726,KDTW,3L,KCLE,6L,0
12132,658200111280855,KCLE,6R,KDTW,3R,0
12484,658200204120626,KDTW,21R,KCLE,24L,0
12485,658200204120756,KCLE,24L,KDTW,21L,0
13042,658200211131948,KDTW,21L,KCLE,24L,0
13043,658200211140525,KCLE,24R,KDTW,21L,0
13047,658200211152019,KDTW,21L,KCLE,24L,0
13048,658200211160510,KCLE,24L,KDTW,21L,0
13325,658200302141444,KDTW,21L,KCLE,24L,0
13492,658200304070438,KCLE,6L,KDTW,21L,0
13542,658200304211643,KDTW,21R,KCLE,24L,0
13643,658200307110410,KCLE,24L,KDTW,3R,0
13647,658200307111459,KDTW,21R,KCLE,6L,0
13694,658200308041757,KDTW,22L,KCLE,24L,0
13773,658200308281809,KDTW,21L,KCLE,24L,0
13787,658200309012005,KDTW,21R,KCLE,24R,0
13811,658200309081804,KDTW,22R,KCLE,24L,0
14054,659200106111021,KDTW,3L,KCLE,6L,0
14055,659200106111122,KCLE,6L,KDTW,3R,0
15073,659200206101221,KDTW,3L,KCLE,6L,0
15175,659200207101310,KCLE,24R,KDTW,21L,0
15198,659200207161122,KDTW,3R,KCLE,6R,0
15199,659200207161259,KCLE,6L,KDTW,21L,0
15374,659200208310732,KDTW,21R,KCLE,24R,0
15841,659200301241153,KDTW,21R,KCLE,24R,0
15858,659200301290754,KCLE,24R,KDTW,21L,0
15883,659200302071058,KCLE,6R,KDTW,21L,0
15887,659200302141255,KCLE,24L,KDTW,21L,0
15910,659200302230625,KDTW,3L,KCLE,24L,0
15911,659200302230749,KCLE,24L,KDTW,21L,0
15912,659200302230931,KDTW,3L,KCLE,6L,0
15913,659200302231143,KCLE,6L,KDTW,3R,0
15939,659200303050934,KDTW,21R,KCLE,6L,0
16035,659200304171719,KDTW,22L,KCLE,24R,0
16187,659200306071856,KDTW,3L,KCLE,24L,0
16188,659200306080413,KCLE,6L,KDTW,21L,0
16212,659200307071437,KDTW,21R,KCLE,24R,0
16217,659200307081438,KDTW,21R,KCLE,24R,0
16240,659200307160411,KCLE,24L,KDTW,21L,0
16457,660200106250954,KDTW,21R,KCLE,24L,0
16507,660200107100936,KDTW,21R,KCLE,24R,0
16508,660200107101110,KCLE,24R,KDTW,21L,0
17363,660200206241150,KDTW,21L,KCLE,6L,0
17364,660200206241256,KCLE,6L,KDTW,21L,0
17506,660200207301123,KDTW,27R,KCLE,6L,0
17507,660200207301256,KCLE,6L,KDTW,3R,0
17679,660200209191358,KDTW,21R,KCLE,24L,0
17701,660200209261422,KDTW,21R,KCLE,24L,0
17702,660200209261607,KCLE,24L,KDTW,21L,0
17795,660200210231955,KDTW,3R,KCLE,6L,0
17796,660200210240508,KCLE,6L,KDTW,3R,0
17882,660200211141959,KDTW,21R,KCLE,24L,0
18058,660200301051136,KDTW,21R,KCLE,24L,0
18059,660200301051258,KCLE,24L,KDTW,3R,0
18180,660200302110940,KDTW,3L,KCLE,6L,0
18181,660200302111109,KCLE,6L,KDTW,3R,0
18436,660200305301437,KDTW,21L,KCLE,24L,0
18437,660200305310413,KCLE,24L,KDTW,21R,0
18548,660200307080424,KCLE,24R,KDTW,22R,0
18566,660200307121448,KDTW,21L,KCLE,6L,0
18904,661200106280942,KDTW,21R,KCLE,24L,0
18928,661200107060956,KDTW,21R,KCLE,24R,0
18929,661200107061108,KCLE,24L,KDTW,21L,0
19152,661200109241418,KCLE,24L,KDTW,3R,0
19305,661200112030729,KDTW,21L,KCLE,24R,0
19306,661200112030854,KCLE,24L,KDTW,21L,0
19368,661200112210738,KDTW,22L,KCLE,24R,0
19369,661200112210900,KCLE,24R,KDTW,21L,0
19987,661200207311123,KDTW,27R,KCLE,6R,0
19988,661200207311305,KCLE,6L,KDTW,22R,0
20004,661200208030737,KDTW,21L,KCLE,24L,0
20777,661200306101701,KDTW,9R,KCLE,6L,0
20835,661200307031738,KDTW,21R,KCLE,24R,0
20868,661200307161502,KDTW,21L,KCLE,6R,0
20967,661200309091803,KDTW,21R,KCLE,24R,0
20990,661201007210756,KCLE,24L,KDTW,21L,0
21693,662200112090732,KDTW,27R,KCLE,24R,0
21694,662200112091418,KCLE,24R,KDTW,21R,0
21902,662200202231859,KCLE,24L,KDTW,21L,0
22907,662200301200700,KDTW,21L,KCLE,24R,0
22934,662200301281124,KDTW,21R,KCLE,24L,0
22935,662200301281258,KCLE,24R,KDTW,21L,0
23004,662200302210753,KCLE,24L,KDTW,21L,0
23005,662200302211100,KCLE,6L,KDTW,21L,0
23279,662200306281934,KDTW,21L,KCLE,24L,0
23705,663200106120934,KDTW,4R,KCLE,6R,0
23706,663200106121113,KCLE,6L,KDTW,3R,0
23726,663200106301143,KDTW,21R,KCLE,24L,0
23727,663200106301259,KCLE,24L,KDTW,21L,0
23731,663200107010930,KDTW,21R,KCLE,24L,0
23732,663200107011108,KCLE,24L,KDTW,21L,0
23740,663200107040932,KDTW,3L,KCLE,24L,0
23741,663200107041106,KCLE,24L,KDTW,21L,0
24183,663200111100723,KDTW,21R,KCLE,24R,0
24282,663200112040738,KDTW,21R,KCLE,24R,0
24283,663200112040856,KCLE,24R,KDTW,21L,0
25432,663200301160626,KDTW,21R,KCLE,6L,0
25437,663200301171906,KDTW,21R,KCLE,6L,0
25438,663200301180414,KCLE,6L,KDTW,21L,0
25503,663200302080928,KDTW,21R,KCLE,6L,0
25504,663200302081058,KCLE,6L,KDTW,21L,0
25508,663200302090625,KDTW,21R,KCLE,24L,0
25509,663200302090754,KCLE,24L,KDTW,21L,0
25510,663200302091104,KCLE,24L,KDTW,21L,0
25550,663200303180410,KCLE,24R,KDTW,22R,0
25557,663200303200413,KCLE,24R,KDTW,4R,0
25752,663200306021915,KDTW,3R,KCLE,6L,0
25837,663200306301658,KDTW,21R,KCLE,6R,0
25845,663200307141910,KDTW,3L,KCLE,6L,0
25846,663200307150415,KCLE,6L,KDTW,3R,0
25851,663200307151854,KDTW,21R,KCLE,24L,0
25873,663200307230410,KCLE,6R,KDTW,21L,0
25906,663200307300412,KCLE,24L,KDTW,21L,0
25909,663200307301857,KDTW,21R,KCLE,24R,0
26162,664200106081112,KCLE,24R,KDTW,21L,0
26170,664200106101107,KCLE,6R,KDTW,4R,0
26466,664200109231211,KDTW,21L,KCLE,24R,0
26467,664200109231358,KCLE,24L,KDTW,21L,0
26652,664200112050730,KDTW,21R,KCLE,24R,0
27366,664200208170731,KDTW,21R,KCLE,6L,0
27607,664200211161956,KDTW,3L,KCLE,6L,0
27608,664200211170513,KCLE,24L,KDTW,21L,0
27777,664200301130630,KDTW,3R,KCLE,6L,0
27808,664200301221142,KDTW,3L,KCLE,10,0
27809,664200301221302,KCLE,6L,KDTW,3R,0
27815,664200301240641,KDTW,21L,KCLE,6L,0
27816,664200301240751,KCLE,6R,KDTW,3R,0
27829,664200301270754,KCLE,24R,KDTW,21L,0
27859,664200302030754,KCLE,24L,KDTW,21L,0
27860,664200302030935,KDTW,21R,KCLE,24L,0
27861,664200302031105,KCLE,6L,KDTW,21L,0
27875,664200302060757,KCLE,6R,KDTW,21L,0
27876,664200302060934,KDTW,21L,KCLE,6L,0
27932,664200302271122,KDTW,22L,KCLE,24L,0
28002,664200303221657,KDTW,21L,KCLE,6L,0
28003,664200303230409,KCLE,6L,KDTW,21L,0
28121,664200306201913,KDTW,22R,KCLE,6L,0
28198,664200308071757,KDTW,21R,KCLE,24L,0
28223,664200308161959,KDTW,22L,KCLE,24R,0
28244,664200308231805,KDTW,21L,KCLE,24R,0
28275,664200309021832,KDTW,21L,KCLE,24L,0
28277,664200309030937,KCLE,24R,KDTW,22L,0
28287,664200309071759,KDTW,21R,KCLE,24L,0
28456,664200311271759,KDTW,21R,KCLE,24L,0
28484,664200312211724,KCLE,6L,KDTW,3R,0
28875,665200107261112,KCLE,24L,KDTW,22R,0
29239,665200111250727,KDTW,21R,KCLE,6L,0
29284,665200112060745,KDTW,21R,KCLE,24L,0
29285,665200112060858,KCLE,24L,KDTW,21L,0
29970,665200210190729,KDTW,21R,KCLE,24R,0
29971,665200210190950,KCLE,24R,KDTW,4R,0
29974,665200210200705,KCLE,24L,KDTW,21L,0
29998,665200211081245,KCLE,24R,KDTW,21L,0
30274,665200302100950,KDTW,21R,KCLE,24R,0
30275,665200302101105,KCLE,24L,KDTW,21L,0
30304,665200302171258,KCLE,6L,KDTW,21L,0
30314,665200302200725,KDTW,3L,KCLE,10,0
30315,665200302200942,KDTW,21R,KCLE,6L,0
30316,665200302201100,KCLE,6R,KDTW,3R,0
30326,665200302240628,KDTW,21L,KCLE,6L,0
30327,665200302240752,KCLE,6R,KDTW,21L,0
30328,665200302241100,KCLE,6L,KDTW,21L,0
30332,665200302251102,KCLE,6L,KDTW,3R,0
30342,665200302280629,KDTW,21L,KCLE,24R,0
30361,665200303061255,KCLE,6L,KDTW,21L,0
30371,665200303110931,KDTW,21R,KCLE,24L,0
30372,665200303111101,KCLE,24L,KDTW,21L,0
30539,665200306031700,KDTW,21L,KCLE,24L,0
30540,665200306040410,KCLE,24R,KDTW,21L,0
30595,665200306241854,KDTW,21L,KCLE,24L,0
30687,665200308041951,KDTW,21R,KCLE,24L,0
30777,665200308282019,KDTW,21L,KCLE,24L,0
30819,665200310050507,KCLE,6L,KDTW,3R,0
30872,665200401311914,KDTW,3L,KCLE,24L,0
30876,665200402011901,KDTW,22L,KCLE,24L,0
30906,665200402111457,KDTW,21L,KCLE,24L,0
30929,665200402180402,KCLE,24R,KDTW,21L,0
31470,666200109251409,KCLE,24R,KDTW,3L,0
31629,666200111220733,KDTW,21L,KCLE,24R,0
31630,666200111220856,KCLE,24R,KDTW,21L,0
32215,666200207071119,KDTW,4R,KCLE,6R,0
32216,666200207071255,KCLE,6L,KDTW,21L,0
32705,666200301180626,KDTW,21L,KCLE,24R,0
32706,666200301180754,KCLE,24L,KDTW,21L,0
32969,666200304131658,KDTW,21L,KCLE,6L,0
32970,666200304140419,KCLE,6L,KDTW,3R,0
33003,666200304271709,KDTW,21R,KCLE,24L,0
33060,666200306120418,KCLE,6L,KDTW,4R,0
33080,666200306171902,KDTW,21R,KCLE,24L,0
33081,666200306180418,KCLE,24L,KDTW,21L,0
33158,666200307200416,KCLE,24R,KDTW,21L,0
33193,666200308131803,KDTW,21L,KCLE,24L,0
33292,666200311011949,KDTW,21R,KCLE,24L,0
33293,666200311020507,KCLE,24R,KDTW,21L,0
33325,666200311092029,KDTW,21R,KCLE,24L,0
33408,666200401251903,KDTW,21L,KCLE,24L,0
33445,666200402071521,KDTW,21R,KCLE,6L,0
33464,666200402121901,KDTW,21R,KCLE,24L,0
33465,666200402130756,KCLE,24R,KDTW,21L,0
33479,666200402291437,KDTW,21L,KCLE,6L,0
33490,666200403041900,KDTW,27R,KCLE,6L,0
33500,666200403071444,KDTW,4R,KCLE,10,0
33505,666200403081625,KCLE,6L,KDTW,21L,0
33555,666200403221213,KDTW,21R,KCLE,6L,0
33556,666200403221325,KCLE,6L,KDTW,27R,0
33670,666200405241114,KDTW,21R,KCLE,10,0
33701,666200406030424,KCLE,6L,KDTW,3L,0
33730,666200406091654,KCLE,24L,KDTW,21L,0
33785,666200407051214,KDTW,21R,KCLE,24L,0
33786,666200407051328,KCLE,24R,KDTW,21L,0
33791,666200407071112,KDTW,4R,KCLE,6L,0
33813,666200407221654,KCLE,24R,KDTW,21L,0
33835,666200407271654,KCLE,24L,KDTW,21L,0
33854,666200911160859,KCLE,24L,KDTW,21L,0
33855,666200911161952,KDTW,3R,KCLE,24L,0
33856,666200911170854,KCLE,24L,KDTW,21L,0
33884,666201001071701,KDTW,21R,KCLE,24L,0
33885,666201001080617,KCLE,24R,KDTW,21L,0
34303,667200107180935,KDTW,21R,KCLE,24R,0
34304,667200107181104,KCLE,24L,KDTW,21L,0
34851,667200112170746,KDTW,4R,KCLE,6L,0
34852,667200112171026,KCLE,24R,KDTW,3R,0
34864,667200112200731,KDTW,21R,KCLE,6L,0
34865,667200112200857,KCLE,6L,KDTW,21L,0
34908,667200112310726,KDTW,21R,KCLE,6L,0
34909,667200112310859,KCLE,6L,KDTW,21L,0
35932,667200301201307,KCLE,24L,KDTW,21R,0
36144,667200303211701,KDTW,3L,KCLE,6L,0
36145,667200303220409,KCLE,6L,KDTW,21L,0
36240,667200307021658,KDTW,21R,KCLE,24R,0
36317,667200307241854,KDTW,3L,KCLE,6R,0
36318,667200307250416,KCLE,6L,KDTW,3R,0
36329,667200307291510,KDTW,21R,KCLE,24L,0
36360,667200308062103,KDTW,21R,KCLE,24R,0
36434,667200309131803,KDTW,21L,KCLE,24R,0
36551,667200312171759,KDTW,3L,KCLE,6L,0
36580,667200401221703,KDTW,21R,KCLE,24L,0
36698,667200402241457,KDTW,21L,KCLE,24R,0
36718,667200403020407,KCLE,24L,KDTW,21L,0
36730,667200403041440,KDTW,3R,KCLE,6L,0
36750,667200403081859,KDTW,21L,KCLE,6L,0
36772,667200403141700,KDTW,3L,KCLE,6L,0
36775,667200403151903,KDTW,21R,KCLE,6L,0
36776,667200403160405,KCLE,6L,KDTW,3R,0
36791,667200403302016,KDTW,21R,KCLE,24L,0
36792,667200403310404,KCLE,24L,KDTW,21L,0
36802,667200404011707,KDTW,21R,KCLE,24L,0
36878,667200404221222,KDTW,22L,KCLE,6L,0
36892,667200404291125,KDTW,21R,KCLE,24L,0
36893,667200404291241,KCLE,24R,KDTW,21L,0
37003,667201003220409,KCLE,6L,KDTW,21L,0
37203,668200106050936,KDTW,21R,KCLE,28,0
37636,668200109301216,KDTW,21R,KCLE,24L,0
37637,668200109301412,KCLE,24L,KDTW,21L,0
37842,668200112100731,KDTW,21R,KCLE,6L,0
37843,668200112100859,KCLE,6L,KDTW,3R,0
37888,668200112300727,KDTW,21R,KCLE,24R,0
38390,668200207171124,KDTW,21R,KCLE,24L,0
38391,668200207171301,KCLE,24L,KDTW,21L,0
38973,668200303061059,KCLE,6L,KDTW,21L,0
38978,668200303080756,KCLE,24L,KDTW,21L,0
39042,668200303231832,KDTW,21L,KCLE,6L,0
39043,668200303240448,KCLE,6L,KDTW,22L,0
39071,668200303311705,KDTW,21L,KCLE,24L,0
39151,668200305031701,KDTW,21R,KCLE,6L,0
39152,668200305040410,KCLE,6R,KDTW,21L,0
39244,668200306121854,KDTW,21L,KCLE,6R,0
39249,668200306131852,KDTW,21L,KCLE,6R,0
39282,668200306231958,KDTW,21L,KCLE,24R,0
39442,668200308091957,KDTW,21R,KCLE,24L,0
39455,668200308141951,KDTW,21L,KCLE,24R,0
39516,668200309021957,KDTW,21R,KCLE,24L,0
39653,668200311211529,KDTW,21R,KCLE,28,0
39654,668200311220959,KCLE,24R,KDTW,21L,0
39666,668200311251954,KDTW,21R,KCLE,24R,0
39684,668200312011722,KCLE,24R,KDTW,21L,0
39694,668200312051726,KDTW,21L,KCLE,24L,0
39749,668200401101623,KCLE,6L,KDTW,21L,0
40062,669200106071108,KCLE,6L,KDTW,21L,0
40096,669200106170935,KDTW,21R,KCLE,24R,0
40097,669200106171115,KCLE,24R,KDTW,21L,0
40102,669200106180932,KDTW,21R,KCLE,24R,0
40103,669200106181106,KCLE,24L,KDTW,21L,0
40963,669200209221309,KDTW,21R,KCLE,24R,0
40964,669200209221453,KCLE,24R,KDTW,22R,0
41046,669200210291948,KDTW,21R,KCLE,6R,0
41047,669200210300533,KCLE,6R,KDTW,3R,0
41090,669200211082009,KDTW,21L,KCLE,24L,0
41091,669200211090527,KCLE,24R,KDTW,21L,0
41092,669200211090737,KDTW,21R,KCLE,24L,0
41093,669200211090906,KCLE,24R,KDTW,22L,0
41134,669200211181950,KDTW,21R,KCLE,6L,0
41135,669200211190557,KCLE,6R,KDTW,21L,0
41266,669200301121259,KCLE,6L,KDTW,3R,0
41328,669200301311123,KDTW,3L,KCLE,6L,0
41329,669200301311255,KCLE,6L,KDTW,3R,0
41395,669200302190626,KDTW,21R,KCLE,6L,0
41415,669200302241209,KDTW,3L,KCLE,6L,0
41416,669200302241319,KCLE,6L,KDTW,3R,0
41448,669200303041059,KCLE,6R,KDTW,21L,0
41526,669200303250416,KCLE,6L,KDTW,3R,0
41539,669200303281700,KDTW,3L,KCLE,24L,0
41540,669200303290410,KCLE,24R,KDTW,3R,0
41700,669200306021850,KDTW,21L,KCLE,24L,0
41738,669200306161848,KDTW,21R,KCLE,24L,0
41739,669200306170416,KCLE,24L,KDTW,21L,0
41749,669200306181851,KDTW,21R,KCLE,6L,0
41750,669200306190414,KCLE,6L,KDTW,3R,0
41758,669200306211701,KDTW,21R,KCLE,24R,0
41781,669200306291853,KDTW,21R,KCLE,6L,0
41782,669200306300407,KCLE,6L,KDTW,21L,0
41844,669200307162100,KDTW,21R,KCLE,6L,0
41961,669200308302016,KDTW,21R,KCLE,24R,0
41982,669200310311956,KDTW,21L,KCLE,24L,0
42102,669200401030743,KCLE,6R,KDTW,3R,0
42105,669200401031714,KDTW,21L,KCLE,24R,0
42128,669200401240752,KCLE,24R,KDTW,22L,0
42150,669200402041445,KDTW,21R,KCLE,24L,0
42158,669200402071624,KCLE,6L,KDTW,21L,0
42207,669200402221624,KCLE,6L,KDTW,3R,0
42208,669200402221903,KDTW,27R,KCLE,6L,0
42226,669200402291627,KCLE,6L,KDTW,21L,0
42264,669200403111705,KDTW,21L,KCLE,6L,0
42334,669200403291902,KDTW,21R,KCLE,6L,0
42335,669200403300406,KCLE,24L,KDTW,21L,0
42337,669200403301352,KCLE,24L,KDTW,21L,0
42404,669200405041704,KDTW,21L,KCLE,24L,0
42412,669200405062009,KDTW,21L,KCLE,6L,0
42435,669200405131902,KDTW,21L,KCLE,6L,0
42436,669200405140134,KCLE,6L,KDTW,21L,0
42819,670200107270623,KDTW,21R,KCLE,24L,0
42820,670200107270758,KCLE,24L,KDTW,21L,0
43214,670200112230729,KDTW,21L,KCLE,6L,0
43231,670200112280729,KDTW,3L,KCLE,6L,0
43232,670200112280856,KCLE,6L,KDTW,3R,0
43625,670200206080735,KCLE,6L,KDTW,21L,0
43981,670200210021250,KDTW,21R,KCLE,24R,0
43982,670200210021441,KCLE,24R,KDTW,21L,0
44017,670200210120517,KCLE,24L,KDTW,21L,0
44025,670200210131959,KDTW,21L,KCLE,24L,0
44026,670200210140539,KCLE,6L,KDTW,3R,0
44056,670200210210526,KCLE,24L,KDTW,21L,0
44060,670200210212157,KDTW,21R,KCLE,24R,0
44061,670200210220533,KCLE,24R,KDTW,22R,0
44081,670200210260748,KDTW,3L,KCLE,6L,0
44082,670200210260933,KCLE,6R,KDTW,21L,0
44110,670200211020427,KDTW,4R,KCLE,6R,0
44111,670200211020534,KCLE,6L,KDTW,3R,0
44154,670200211121953,KDTW,3L,KCLE,6L,0
44155,670200211130533,KCLE,24L,KDTW,3R,0
44346,670200301090754,KCLE,6L,KDTW,3R,0
44383,670200301170624,KDTW,21L,KCLE,24R,0
44384,670200301170750,KCLE,24L,KDTW,21L,0
44470,670200302231124,KDTW,3L,KCLE,6L,0
44471,670200302231301,KCLE,6L,KDTW,3R,0
44491,670200302281127,KDTW,21R,KCLE,24L,0
44492,670200302281257,KCLE,6R,KDTW,21L,0
44493,670200303010756,KCLE,24L,KDTW,21R,0
44495,670200303021256,KCLE,6L,KDTW,21L,0
44515,670200303081257,KCLE,24R,KDTW,21L,0
44553,670200303181659,KDTW,21L,KCLE,24L,0
44554,670200303190409,KCLE,24L,KDTW,3R,0
44565,670200303201656,KDTW,21L,KCLE,6L,0
44566,670200303210416,KCLE,6L,KDTW,3R,0
44595,670200303310412,KCLE,24R,KDTW,21L,0
44668,670200304231829,KDTW,21L,KCLE,6L,0
44739,670200306081854,KDTW,21R,KCLE,6R,0
44819,670200307260419,KCLE,6L,KDTW,3R,0
44851,670200308021802,KDTW,21L,KCLE,24R,0
45046,670200312261542,KCLE,24L,KDTW,21L,0
45047,670200312262003,KDTW,4R,KCLE,6L,0
45066,670200401011807,KDTW,22L,KCLE,24R,0
45079,670200401051624,KCLE,24R,KDTW,3R,0
45085,670200401071900,KDTW,21R,KCLE,24L,0
45104,670200402021442,KDTW,3L,KCLE,24R,0
45110,670200402041854,KDTW,21R,KCLE,24L,0
45136,670200402131904,KDTW,21R,KCLE,24L,0
45224,670200403201741,KDTW,21R,KCLE,24L,0
45225,670200403210409,KCLE,24L,KDTW,22R,0
45230,670200403212122,KCLE,24L,KDTW,21L,0
45240,670200403241837,KDTW,21L,KCLE,24L,0
45265,670200403311116,KDTW,21R,KCLE,24R,0
45320,670200404251250,KCLE,24L,KDTW,21L,0
45340,670200405011811,KDTW,21R,KCLE,24L,0
45388,670200405210752,KCLE,24R,KDTW,22L,0
45416,670200405301657,KCLE,24R,KDTW,4R,0
45447,670200406081132,KDTW,21L,KCLE,24R,0
45498,670200407031653,KCLE,24L,KDTW,21L,0
45845,671200106140752,KCLE,6L,KDTW,21L,0
45861,671200106200935,KDTW,3L,KCLE,24R,0
45862,671200106201107,KCLE,24R,KDTW,21R,0
45865,671200106210634,KDTW,21L,KCLE,24R,0
45916,671200107200932,KDTW,21R,KCLE,24R,0
45921,671200107220937,KDTW,22L,KCLE,24L,0
45922,671200107221114,KCLE,24R,KDTW,21L,0
46182,671200109271218,KDTW,21L,KCLE,24R,0
46185,671200109281037,KDTW,21R,KCLE,24R,0
46186,671200109281142,KCLE,24R,KDTW,22R,0
46286,671200111290727,KDTW,4R,KCLE,6L,0
46287,671200111290900,KCLE,6L,KDTW,3R,0
46311,671200112070731,KDTW,21R,KCLE,24R,0
46312,671200112070854,KCLE,24L,KDTW,21L,0
46330,671200112120744,KDTW,21L,KCLE,24L,0
46331,671200112120900,KCLE,24R,KDTW,21L,0
46876,671200207291813,KCLE,6L,KDTW,4L,0
47106,671200210071954,KDTW,21R,KCLE,6L,0
47163,671200211031956,KDTW,21R,KCLE,6L,0
47174,671200211051951,KDTW,21L,KCLE,6L,0
47175,671200211060708,KCLE,6R,KDTW,4R,0
47256,671200301211308,KCLE,24L,KDTW,21L,0
47277,671200301260754,KCLE,24R,KDTW,21L,0
47294,671200301301245,KDTW,21L,KCLE,6R,0
47372,671200303091305,KCLE,24R,KDTW,21L,0
47469,671200305120411,KCLE,24L,KDTW,21L,0
47485,671200305150412,KCLE,24L,KDTW,21L,0
47572,671200307011850,KDTW,21L,KCLE,24R,0
47573,671200307020410,KCLE,24R,KDTW,21L,0
47772,671200309111841,KDTW,21L,KCLE,24R,0
47849,671200310161955,KDTW,21L,KCLE,24R,0
47862,671200312041725,KCLE,24R,KDTW,21L,0
47863,671200312060836,KCLE,24R,KDTW,21L,0
47864,671200312062143,KDTW,21L,KCLE,6L,0
47898,671200312181722,KCLE,6L,KDTW,3R,0
47935,671200401031627,KCLE,24L,KDTW,21L,0
48077,671200403061953,KDTW,3R,KCLE,6L,0
48093,671200403110406,KCLE,24R,KDTW,3R,0
48149,671200403251117,KDTW,3L,KCLE,6L,0
48150,671200403251253,KCLE,6L,KDTW,3R,0
48156,671200403270757,KCLE,6L,KDTW,3R,0
48169,671200403301656,KDTW,21L,KCLE,24L,0
48188,671200404121744,KDTW,21L,KCLE,24L,0
48197,671200404151116,KDTW,21L,KCLE,24R,0
48209,671200404221120,KDTW,21R,KCLE,6L,0
48210,671200404221251,KCLE,24R,KDTW,3R,0
48212,671200404230756,KCLE,24R,KDTW,3R,0
48253,671200405091705,KDTW,21R,KCLE,6L,0
48304,671200405271659,KCLE,24L,KDTW,22L,0
48345,671200406101658,KCLE,24R,KDTW,21L,0
48396,671200406271657,KCLE,24R,KDTW,21L,0
48468,671200407191656,KCLE,24R,KDTW,21L,0
48495,671200407261651,KCLE,24L,KDTW,21L,0
49677,672200206181129,KDTW,21R,KCLE,24L,0
49678,672200206181306,KCLE,24L,KDTW,21L,0
49691,672200206231126,KDTW,21L,KCLE,24L,0
49692,672200206231302,KCLE,24R,KDTW,21L,0
49890,672200209070734,KDTW,3L,KCLE,24L,0
50058,672200211041944,KDTW,21L,KCLE,6L,0
50274,672200301060626,KDTW,21R,KCLE,24L,0
50275,672200301060756,KCLE,24R,KDTW,21L,0
50282,672200301081230,KDTW,3L,KCLE,6L,0
50283,672200301081347,KCLE,6R,KDTW,21L,0
50442,672200303031125,KDTW,21R,KCLE,6L,0
50443,672200303031309,KCLE,24R,KDTW,21R,0
50448,672200303040623,KDTW,21R,KCLE,6L,0
50532,672200304041659,KDTW,21L,KCLE,6L,0
50745,672200307131900,KDTW,21L,KCLE,6L,0
50794,672200307261855,KDTW,3L,KCLE,6R,0
50902,672200308231958,KDTW,21L,KCLE,24R,0
51054,672200311041024,KDTW,21L,KCLE,24R,0
51055,672200311041208,KCLE,24R,KDTW,21L,0
51057,672200311050459,KCLE,24R,KDTW,21L,0
51058,672200311050723,KDTW,21L,KCLE,24R,0
51059,672200311050852,KCLE,24R,KDTW,21L,0
51079,672200311101947,KDTW,21R,KCLE,24R,0
51080,672200311110511,KCLE,24R,KDTW,3R,0
51086,672200311122019,KDTW,21R,KCLE,24L,0
51117,672200311201718,KCLE,24R,KDTW,21L,0
51158,672200312030322,KCLE,6L,KDTW,3R,0
51177,672200312071733,KCLE,6L,KDTW,3R,0
51194,672200401040400,KCLE,24R,KDTW,21L,0
51200,672200401051734,KDTW,27R,KCLE,24L,0
51228,672201001021217,KDTW,27R,KCLE,6R,0
52047,673200206041121,KDTW,21R,KCLE,6L,0
52048,673200206041254,KCLE,6L,KDTW,21L,0
52225,673200207221121,KDTW,21R,KCLE,6L,0
52226,673200207221254,KCLE,6L,KDTW,3R,0
52693,673200302020940,KDTW,21L,KCLE,24L,0
52694,673200302021100,KCLE,24R,KDTW,21L,0
52779,673200303141716,KDTW,21R,KCLE,24L,0
52780,673200303150630,KCLE,24R,KDTW,21R,0
52884,673200304181741,KDTW,4R,KCLE,24L,0
52885,673200304190426,KCLE,24L,KDTW,22R,0
52995,673200307141456,KDTW,3L,KCLE,6L,0
53016,673200307201900,KDTW,21R,KCLE,24R,0
53017,673200307210410,KCLE,24R,KDTW,21L,0
53025,673200308021800,KDTW,21R,KCLE,24L,0
53124,673200310150507,KCLE,24L,KDTW,21L,0
53125,673200310150721,KDTW,21R,KCLE,24R,0
53126,673200310150851,KCLE,24L,KDTW,21L,0
53143,673200310201953,KDTW,21R,KCLE,24R,0
53202,673200311100719,KDTW,21L,KCLE,28,0
53203,673200311100907,KCLE,24L,KDTW,21R,0
53246,673200311221804,KDTW,22L,KCLE,24R,0
53247,673200311230505,KCLE,24L,KDTW,21L,0
53317,673200312121957,KDTW,21R,KCLE,24L,0
53390,673200401171710,KDTW,4R,KCLE,6L,0
53391,673200401180406,KCLE,6L,KDTW,3L,0
53415,673200401241916,KDTW,21R,KCLE,24R,0
53441,673200401310745,KCLE,6L,KDTW,22R,0
53442,673200402010404,KCLE,24L,KDTW,22L,0
53486,673200402121623,KCLE,24L,KDTW,21L,0
53494,673200402141941,KDTW,3L,KCLE,6R,0
53504,673200402171442,KDTW,21R,KCLE,24L,0
53552,673200403031628,KCLE,6L,KDTW,21L,0
53581,673200403121702,KDTW,3L,KCLE,24L,0
53660,673200404191655,KDTW,21R,KCLE,6R,0
53787,673200405261251,KCLE,24L,KDTW,22L,0
53835,673200406081655,KCLE,6R,KDTW,21L,0
53876,673200407121249,KCLE,6L,KDTW,3L,0
53912,673200407291240,KDTW,3L,KCLE,6L,0
53913,673200407291340,KCLE,6L,KDTW,4R,0
54124,674200106150940,KDTW,21L,KCLE,6L,0
54232,674200107160943,KDTW,4R,KCLE,24R,0
54233,674200107161107,KCLE,24R,KDTW,3R,0
54250,674200107240931,KDTW,21R,KCLE,6L,0
54251,674200107241109,KCLE,6L,KDTW,3R,0
55026,674200204190626,KDTW,21R,KCLE,24L,0
55027,674200204190802,KCLE,6L,KDTW,3R,0
55612,674200210021257,KDTW,21L,KCLE,24R,0
55692,674200211012204,KDTW,21R,KCLE,6R,0
55693,674200211020525,KCLE,6L,KDTW,21L,0
55930,674200301280646,KDTW,21R,KCLE,24R,0
55931,674200301280807,KCLE,24R,KDTW,22R,0
56049,674200303070757,KCLE,6L,KDTW,22L,0
56068,674200303131725,KDTW,21L,KCLE,6L,0
56252,674200305231851,KDTW,21L,KCLE,24L,0
56253,674200305240419,KCLE,24L,KDTW,21L,0
56286,674200306101922,KDTW,21R,KCLE,6L,0
56298,674200307070413,KCLE,24R,KDTW,21L,0
56310,674200307091854,KDTW,21R,KCLE,24R,0
56435,674200309151954,KDTW,21R,KCLE,24L,0
56510,674200310090523,KCLE,6L,KDTW,21L,0
56511,674200310090907,KCLE,24R,KDTW,3R,0
56583,674200311090847,KDTW,21R,KCLE,24L,0
56584,674200311090951,KCLE,24R,KDTW,22R,0
56601,674200311131956,KDTW,21R,KCLE,24L,0
56602,674200311140853,KCLE,6L,KDTW,3R,0
56632,674200311221722,KCLE,24R,KDTW,21L,0
56633,674200311222012,KDTW,21R,KCLE,24L,0
56637,674200311231723,KCLE,24R,KDTW,21L,0
56692,674200401081901,KDTW,21R,KCLE,6L,0
56697,674200401111745,KDTW,21R,KCLE,6L,0
56710,674200401151657,KDTW,21L,KCLE,24L,0
56728,674200401291622,KCLE,6L,KDTW,21R,0
56770,674200402181454,KDTW,21L,KCLE,24L,0
56774,674200402191633,KCLE,24R,KDTW,27R,0
56790,674200402231501,KDTW,22L,KCLE,6L,0
56799,674200402271901,KDTW,22R,KCLE,6L,0
56813,674200403090401,KCLE,24L,KDTW,21L,0
56816,674200403100525,KCLE,6L,KDTW,3R,0
56849,674200403171906,KDTW,21R,KCLE,6L,0
56883,674200403261659,KDTW,21L,KCLE,6L,0
56884,674200403270437,KCLE,6L,KDTW,21L,0
56931,674200404211153,KDTW,21L,KCLE,24L,0
56937,674200404231658,KDTW,21R,KCLE,6R,0
56938,674200404240751,KCLE,6R,KDTW,21L,0
56993,674200405131702,KDTW,3R,KCLE,6L,0
57056,674200405271128,KDTW,21R,KCLE,24L,0
57073,674200406011731,KCLE,6L,KDTW,4R,0
57110,674200406161657,KCLE,6L,KDTW,22L,0
57114,674200406171252,KCLE,6L,KDTW,4R,0
57737,675200110071224,KDTW,4R,KCLE,24L,0
57738,675200110071359,KCLE,24R,KDTW,21L,0
57894,675200112260735,KDTW,21L,KCLE,24R,0
57895,675200112260856,KCLE,24R,KDTW,21L,0
58613,675200209291440,KCLE,6R,KDTW,21L,0
58901,675200301250629,KDTW,21L,KCLE,24R,0
58902,675200301250815,KCLE,24R,KDTW,3R,0
58939,675200302151123,KDTW,21L,KCLE,24L,0
58940,675200302151256,KCLE,24R,KDTW,21L,0
58954,675200302181305,KCLE,6L,KDTW,21L,0
59076,675200304101712,KDTW,3L,KCLE,6L,0
59088,675200304160417,KCLE,6L,KDTW,4R,0
59092,675200304170413,KCLE,6L,KDTW,4R,0
59102,675200304191738,KDTW,4R,KCLE,24R,0
59103,675200304200419,KCLE,24R,KDTW,21L,0
59157,675200306171657,KDTW,21R,KCLE,24R,0
59233,675200308121829,KDTW,21R,KCLE,28,0
59270,675200308211806,KDTW,21L,KCLE,24R,0
59313,675200311141957,KDTW,21L,KCLE,6L,0
59336,675200311290840,KCLE,6L,KDTW,21L,0
59349,675200312021723,KCLE,6R,KDTW,21L,0
59354,675200312031749,KCLE,6R,KDTW,3R,0
59376,675200312081804,KDTW,21L,KCLE,6L,0
59377,675200312090505,KCLE,24R,KDTW,22L,0
59479,675200401241626,KCLE,24L,KDTW,27L,0
59513,675200402121441,KDTW,21L,KCLE,24L,0
59524,675200402201858,KDTW,21R,KCLE,24L,0
59565,675200403181902,KDTW,21R,KCLE,24L,0
59566,675200403190750,KCLE,24L,KDTW,21L,0
59571,675200403201219,KDTW,22L,KCLE,24L,0
59572,675200403201323,KCLE,24R,KDTW,21L,0
59636,675200404081115,KDTW,22L,KCLE,6L,0
59643,675200404101658,KDTW,21L,KCLE,24L,0
59671,675200404191124,KDTW,3L,KCLE,28,0
59693,675200405071824,KDTW,22L,KCLE,6R,0
59694,675200405080749,KCLE,6L,KDTW,22R,0
59726,675200405181654,KDTW,21R,KCLE,6L,0
59753,675200405251153,KDTW,4R,KCLE,6L,0
59764,675200405291659,KCLE,6L,KDTW,4R,0
59786,675200406031115,KDTW,4R,KCLE,10,0
59793,675200406061114,KDTW,21R,KCLE,6R,0
59794,675200406061249,KCLE,6R,KDTW,21L,0
59830,675200406151656,KCLE,6L,KDTW,4R,0
59884,675200406261650,KCLE,24L,KDTW,22L,0
59888,675200406271112,KDTW,21L,KCLE,24R,0
60194,676200106290939,KDTW,21L,KCLE,24R,0
60195,676200106291103,KCLE,24L,KDTW,21L,0
60718,676200201171701,KDTW,21R,KCLE,24R,0
61458,676200209181231,KDTW,21R,KCLE,24L,0
61459,676200209181406,KCLE,24R,KDTW,21L,0
61536,676200210272005,KDTW,21R,KCLE,24L,0
61537,676200210280509,KCLE,24L,KDTW,21L,0
61752,676200301151300,KCLE,6L,KDTW,3R,0
62066,676200305101824,KDTW,21R,KCLE,6L,0
62067,676200305110412,KCLE,6L,KDTW,21L,0
62127,676200305291701,KDTW,21R,KCLE,24L,0
62316,676200308311801,KDTW,21R,KCLE,24R,0
62329,676200309071957,KDTW,21L,KCLE,24R,0
62388,676200310210505,KCLE,24R,KDTW,21L,0
62389,676200310210729,KDTW,21L,KCLE,24L,0
62390,676200310210921,KCLE,24R,KDTW,21L,0
62427,676200310282104,KDTW,4R,KCLE,24L,0
62428,676200310290502,KCLE,24R,KDTW,21L,0
62478,676200311151954,KDTW,21R,KCLE,24L,0
62479,676200311160516,KCLE,24L,KDTW,21L,0
62480,676200311160722,KDTW,21R,KCLE,24L,0
62481,676200311160853,KCLE,24L,KDTW,21L,0
62484,676200311170548,KCLE,24R,KDTW,22R,0
62512,676200311251722,KCLE,24R,KDTW,21L,0
62564,676200312231717,KCLE,24R,KDTW,21L,0
62611,676200401100748,KCLE,6L,KDTW,21L,0
62657,676200402290404,KCLE,24R,KDTW,22R,0
62669,676200403021443,KDTW,22L,KCLE,6L,0
62683,676200403051908,KDTW,27L,KCLE,24L,0
62685,676200403061451,KDTW,4L,KCLE,6L,0
62728,676200403180408,KCLE,24R,KDTW,21L,0
62757,676200403251905,KDTW,4R,KCLE,6R,0
62838,676200404261415,KDTW,21R,KCLE,24L,0
62867,676200405051710,KDTW,21L,KCLE,24L,0
62898,676200405150748,KCLE,6L,KDTW,21R,0
62915,676200405211704,KDTW,21R,KCLE,24L,0
62916,676200405220750,KCLE,6R,KDTW,4R,0
62930,676200406021325,KDTW,4L,KCLE,6L,0
62946,676200406071715,KCLE,6L,KDTW,21L,0
62990,676200406191659,KCLE,24R,KDTW,22L,0
63003,676200406221652,KCLE,24R,KDTW,21L,0
63011,676200406241803,KCLE,24L,KDTW,22R,0
63024,676200406281251,KCLE,6L,KDTW,21L,0
63406,677200107140941,KDTW,21R,KCLE,24R,0
63407,677200107141102,KCLE,24L,KDTW,21L,0
63997,677200207021123,KDTW,21L,KCLE,6L,0
64316,677200210181945,KDTW,21L,KCLE,24L,0
64360,677200210302003,KDTW,4R,KCLE,6R,0
64361,677200210310520,KCLE,6L,KDTW,21L,0
64600,677200301231122,KDTW,3R,KCLE,6L,0
64601,677200301231306,KCLE,6L,KDTW,3R,0
64709,677200302261107,KCLE,6L,KDTW,21L,0
64721,677200303030633,KDTW,21L,KCLE,24R,0
64722,677200303030936,KDTW,3L,KCLE,6L,0
64723,677200303031101,KCLE,6L,KDTW,3R,0
64743,677200303090937,KDTW,21R,KCLE,24R,0
64749,677200303101156,KDTW,21L,KCLE,24R,0
64750,677200303101313,KCLE,24L,KDTW,21L,0
64872,677200304220814,KCLE,24L,KDTW,21L,0
64976,677200311030501,KCLE,24L,KDTW,21L,0
64977,677200311030721,KDTW,21L,KCLE,24R,0
65030,677200312020503,KCLE,6L,KDTW,3R,0
65066,677200312111726,KCLE,24R,KDTW,21L,0
65083,677200312161804,KDTW,21R,KCLE,24L,0
65088,677200312171724,KCLE,6L,KDTW,3R,0
65122,677200312251755,KDTW,3L,KCLE,6L,0
65123,677200312260837,KCLE,24L,KDTW,21L,0
65125,677200312261526,KDTW,21R,KCLE,24L,0
65126,677200312270840,KCLE,6L,KDTW,21L,0
65139,677200312291720,KCLE,6L,KDTW,21L,0
65144,677200401081709,KDTW,3L,KCLE,6L,0
65180,677200401181658,KDTW,22R,KCLE,6R,0
65204,677200401270403,KCLE,6R,KDTW,21R,0
65210,677200401291900,KDTW,21R,KCLE,6L,0
65211,677200401300751,KCLE,6L,KDTW,21R,0
65238,677200402051901,KDTW,21R,KCLE,6L,0
65239,677200402060754,KCLE,6L,KDTW,21R,0
65252,677200402081443,KDTW,21L,KCLE,6L,0
65263,677200402111626,KCLE,24R,KDTW,21L,0
65264,677200402111855,KDTW,21R,KCLE,24L,0
65315,677200402231857,KDTW,21L,KCLE,6L,0
65369,677200403121904,KDTW,3L,KCLE,6L,0
65370,677200403130413,KCLE,24L,KDTW,3R,0
65372,677200403131909,KDTW,3L,KCLE,6L,0
65373,677200403140407,KCLE,6L,KDTW,3R,0
65401,677200403281916,KDTW,21L,KCLE,6L,0
65402,677200403290409,KCLE,24L,KDTW,21L,0
65404,677200403291658,KDTW,21L,KCLE,6L,0
65841,678200106220931,KDTW,21R,KCLE,24R,0
65842,678200106221108,KCLE,24R,KDTW,21L,0
65849,678200106241003,KDTW,21R,KCLE,24R,0
65850,678200106241113,KCLE,24L,KDTW,22R,0
65965,678200112270854,KCLE,24R,KDTW,21L,0
66423,678200207091125,KDTW,21R,KCLE,24L,0
66702,678200209301250,KDTW,21R,KCLE,24L,0
66830,678200211020534,KCLE,6L,KDTW,3R,0
67041,678200301110626,KDTW,3L,KCLE,6L,0
67042,678200301110756,KCLE,6R,KDTW,3R,0
67231,678200303261708,KDTW,21R,KCLE,6L,0
67236,678200303271706,KDTW,21L,KCLE,24L,0
67237,678200303280408,KCLE,24R,KDTW,22R,0
67442,678200306080412,KCLE,6L,KDTW,21L,0
67498,678200306261801,KDTW,3L,KCLE,6L,0
67529,678200307311456,KDTW,21R,KCLE,24R,0
67596,678200308182025,KDTW,21L,KCLE,24L,0
67605,678200308201953,KDTW,21L,KCLE,24L,0
67609,678200308221948,KDTW,21R,KCLE,24L,0
67744,678200311201902,KDTW,21R,KCLE,24R,0
67757,678200311231954,KDTW,21R,KCLE,24L,0
67758,678200311240507,KCLE,24R,KDTW,21L,0
67790,678200401301901,KDTW,3L,KCLE,6L,0
68119,680200107070943,KDTW,21L,KCLE,24R,0
68120,680200107071104,KCLE,24R,KDTW,21L,0
68588,680200204260633,KDTW,3L,KCLE,24L,0
68589,680200204260803,KCLE,6L,KDTW,3L,0
69122,680200210061229,KDTW,3R,KCLE,6L,0
69123,680200210061433,KCLE,6L,KDTW,3R,0
69434,680200301071300,KCLE,24L,KDTW,21L,0
69489,680200301250504,KCLE,24R,KDTW,3R,0
69516,680200301311858,KDTW,21L,KCLE,6L,0
69517,680200302010621,KDTW,21R,KCLE,24L,0
69518,680200302010750,KCLE,24R,KDTW,22L,0
69824,680200306141657,KDTW,21R,KCLE,6L,0
69825,680200306150413,KCLE,24R,KDTW,21L,0
69858,680200306271447,KDTW,21L,KCLE,6L,0
70008,680200309042104,KDTW,21R,KCLE,24L,0
70115,680200312041953,KDTW,21R,KCLE,24L,0
70133,680200312110505,KCLE,24L,KDTW,21L,0
70143,680200312140508,KCLE,24R,KDTW,21L,0
70150,680200312151727,KCLE,24R,KDTW,21L,0
70213,680200401181625,KCLE,6L,KDTW,3L,0
71688,681200210050901,KCLE,24L,KDTW,21L,0
71696,681200210061804,KDTW,3L,KCLE,6R,0
71697,681200210070514,KCLE,6L,KDTW,3R,0
71775,681200211061954,KDTW,21R,KCLE,24L,0
72086,681200302070625,KDTW,21R,KCLE,24L,0
72109,681200302151100,KCLE,24L,KDTW,21L,0
72182,681200303110639,KDTW,3L,KCLE,24L,0
72183,681200303110805,KCLE,24L,KDTW,21R,0
72353,681200305020425,KCLE,6L,KDTW,21L,0
72513,681200309061801,KDTW,21R,KCLE,24R,0
72563,681200310112002,KDTW,4R,KCLE,24L,0
72714,681200312281758,KDTW,21L,KCLE,6R,0
72760,681200401091930,KDTW,3L,KCLE,6R,0
72766,681200401110402,KCLE,24L,KDTW,22L,0
72791,681200401161927,KDTW,3L,KCLE,6R,0
72824,681200401261700,KDTW,21L,KCLE,6L,0
73089,682200106290627,KDTW,21R,KCLE,24L,0
73090,682200106290751,KCLE,24L,KDTW,21L,0
73143,682200107111108,KCLE,6L,KDTW,21L,0
73397,682200109261214,KDTW,21R,KCLE,24R,0
73398,682200109261420,KCLE,24R,KDTW,21L,0
73535,682200112190728,KDTW,21R,KCLE,24L,0
73536,682200112190858,KCLE,24L,KDTW,21L,0
73928,682200206091323,KCLE,24L,KDTW,21L,0
74477,682200301100705,KDTW,3L,KCLE,6L,0
74551,682200301290627,KDTW,21R,KCLE,24L,0
74552,682200301290754,KCLE,24L,KDTW,21R,0
74620,682200302170759,KCLE,6L,KDTW,21L,0
74621,682200302171102,KCLE,6L,KDTW,21L,0
74944,682200307050415,KCLE,6L,KDTW,21L,0
74959,682200307090437,KCLE,24R,KDTW,22R,0
74998,682200308091949,KDTW,21L,KCLE,24R,0
75053,682200308261851,KDTW,22L,KCLE,24R,0
75073,682200309082000,KDTW,22L,KCLE,24L,0
75084,682200309112017,KDTW,21R,KCLE,24R,0
75098,682200310140853,KCLE,24R,KDTW,21L,0
75105,682200310151958,KDTW,21R,KCLE,24L,0
75106,682200310160503,KCLE,24R,KDTW,21L,0
75161,682200311281548,KCLE,6L,KDTW,3L,0
75172,682200311301756,KDTW,21R,KCLE,24L,0
75201,682200312210505,KCLE,6L,KDTW,3R,0
75215,682200312241759,KDTW,21L,KCLE,6L,0
75216,682200312250504,KCLE,6L,KDTW,21L,0
75237,682200401012000,KDTW,21R,KCLE,24R,0
75324,682200402120437,KCLE,24R,KDTW,21L,0
75333,682200402141735,KCLE,6R,KDTW,3R,0
75356,682200402211859,KDTW,3L,KCLE,24L,0
75376,682200403011439,KDTW,22L,KCLE,24L,0
75409,682200403091650,KCLE,6R,KDTW,21L,0
75411,682200403101119,KDTW,27R,KCLE,24R,0
75412,682200403101256,KCLE,6L,KDTW,3R,0
75437,682200403181249,KCLE,24L,KDTW,21L,0
75442,682200403200410,KCLE,24L,KDTW,21L,0
75453,682200403221702,KDTW,21R,KCLE,6L,0
75487,682200404111703,KDTW,21R,KCLE,6L,0
75510,682200404171650,KDTW,21R,KCLE,24L,0
75694,683200106190932,KDTW,21R,KCLE,24L,0
75695,683200106191111,KCLE,24L,KDTW,21L,0
76096,683200110021223,KDTW,21L,KCLE,24L,0
76570,683200205030713,KDTW,21R,KCLE,24L,0
76728,683200207181233,KDTW,21L,KCLE,24L,0
76729,683200207181340,KCLE,24L,KDTW,21L,0
77355,683200302050756,KCLE,6L,KDTW,21L,0
77649,683200307041452,KDTW,21R,KCLE,24L,0
77653,683200307061520,KDTW,21R,KCLE,24R,0
77737,683200307291858,KDTW,21R,KCLE,24R,0
77791,683200308181802,KDTW,21L,KCLE,24R,0
77843,683200309300510,KCLE,24R,KDTW,21L,0
77894,683200310240855,KCLE,24L,KDTW,21L,0
77949,683200311212009,KDTW,21R,KCLE,24L,0
78010,683200312141826,KCLE,24R,KDTW,21R,0
78023,683200312181801,KDTW,21R,KCLE,6L,0
78039,683200312231800,KDTW,21R,KCLE,24L,0
78151,683200402140754,KCLE,6L,KDTW,21L,0
78157,683200402151917,KDTW,21R,KCLE,24L,0
78158,683200402160400,KCLE,24R,KDTW,3R,0
78174,683200402191929,KDTW,3L,KCLE,24L,0
78236,683200403111306,KCLE,24L,KDTW,3R,0
78238,683200403111858,KDTW,4R,KCLE,6L,0
78239,683200403120753,KCLE,6L,KDTW,21L,0
78276,683200403221907,KDTW,21R,KCLE,6R,0
78296,683200403271253,KCLE,6L,KDTW,3R,0
78348,683200404100747,KCLE,24L,KDTW,21L,0
78368,683200404151919,KDTW,21R,KCLE,24L,0
79082,684200110200726,KDTW,4R,KCLE,24L,0
79083,684200110200856,KCLE,24L,KDTW,21L,0
79164,684200111140734,KDTW,21L,KCLE,24R,0
79165,684200111140852,KCLE,24L,KDTW,21L,0
79170,684200111150728,KDTW,21R,KCLE,24R,0
79171,684200111150913,KCLE,24L,KDTW,21L,0
79805,684200210262006,KDTW,21L,KCLE,24L,0
79806,684200210270524,KCLE,24R,KDTW,21L,0
79861,684200211092028,KDTW,21R,KCLE,24L,0
79862,684200211100516,KCLE,24R,KDTW,21L,0
80065,684200301291130,KDTW,21R,KCLE,24L,0
80066,684200301291259,KCLE,24R,KDTW,21L,0
80120,684200302160624,KDTW,21R,KCLE,24R,0
80121,684200302160753,KCLE,24L,KDTW,21L,0
80165,684200303020933,KDTW,21R,KCLE,6L,0
80166,684200303021059,KCLE,6L,KDTW,21L,0
80271,684200304040414,KCLE,6L,KDTW,4R,0
80430,684200305311834,KDTW,3L,KCLE,6L,0
80431,684200306010651,KCLE,6L,KDTW,3R,0
80444,684200306051916,KDTW,21L,KCLE,24L,0
80445,684200306060416,KCLE,6L,KDTW,21L,0
80506,684200306221658,KDTW,21L,KCLE,24L,0
80678,684200309062016,KDTW,21R,KCLE,24L,0
80811,684200311081955,KDTW,21R,KCLE,24R,0
80850,684200312101728,KCLE,24R,KDTW,21L,0
80861,684200312131808,KDTW,3L,KCLE,6L,0
80873,684200312180503,KCLE,6L,KDTW,3R,0
80884,684200312211952,KDTW,3L,KCLE,24R,0
80885,684200312220504,KCLE,6L,KDTW,3R,0
80888,684200312221814,KDTW,3L,KCLE,6L,0
80908,684200401170749,KCLE,6L,KDTW,3R,0
80917,684200401191622,KCLE,6R,KDTW,21R,0
80956,684200402021622,KCLE,24L,KDTW,22L,0
80957,684200402030403,KCLE,6L,KDTW,4R,0
81037,684200403141125,KDTW,21R,KCLE,6R,0
81038,684200403141305,KCLE,6L,KDTW,3R,0
81116,684200404011909,KDTW,21L,KCLE,24L,0
81155,684200404131111,KDTW,21R,KCLE,6L,0
81156,684200404131240,KCLE,6L,KDTW,21L,0
81166,684200404170143,KDTW,21L,KCLE,24R,0
81209,684200405052335,KCLE,6L,KDTW,21R,0
81227,684200405121702,KDTW,3L,KCLE,6L,0
81529,685200107050934,KDTW,21L,KCLE,24L,0
81530,685200107051112,KCLE,24L,KDTW,21L,0
81922,685200112160726,KDTW,22L,KCLE,24R,0
81923,685200112160856,KCLE,24L,KDTW,21L,0
82309,685200206161259,KCLE,24R,KDTW,21L,0
82317,685200207031257,KCLE,6L,KDTW,21L,0
82611,685200211131945,KDTW,21R,KCLE,24R,0
82612,685200211140523,KCLE,24R,KDTW,21L,0
82870,685200302161259,KCLE,6L,KDTW,3R,0
82974,685200304020411,KCLE,24L,KDTW,21L,0
83069,685200304301659,KDTW,21R,KCLE,6L,0
83070,685200305010409,KCLE,6L,KDTW,21L,0
83144,685200305261657,KDTW,21R,KCLE,6L,0
83235,685200307271857,KDTW,3L,KCLE,24R,0
83236,685200307280416,KCLE,6L,KDTW,3R,0
83280,685200308141807,KDTW,21L,KCLE,24R,0
83351,685200309041939,KDTW,21L,KCLE,24L,0
83451,685200310230502,KCLE,24R,KDTW,21L,0
83452,685200310230721,KDTW,21L,KCLE,24R,0
83453,685200310230853,KCLE,24R,KDTW,21L,0
83456,685200310231952,KDTW,3L,KCLE,24L,0
83516,685200311271724,KCLE,24R,KDTW,21L,0
83522,685200311292001,KDTW,21R,KCLE,24L,0
83526,685200311301724,KCLE,24R,KDTW,3R,0
83591,685200312251726,KCLE,6L,KDTW,3R,0
83617,685200401180403,KCLE,6L,KDTW,4R,0
83642,685200401241811,KDTW,21R,KCLE,24L,0
83656,685200401281659,KDTW,21L,KCLE,6R,0
83771,685200403161250,KCLE,6L,KDTW,21L,0
83773,685200403161903,KDTW,21R,KCLE,24L,0
83786,685200403211952,KDTW,21L,KCLE,24L,0
83809,685200403281119,KDTW,3L,KCLE,6L,0
83810,685200403281252,KCLE,6L,KDTW,3R,0
83819,685200403311942,KDTW,21L,KCLE,24L,0
83835,685200404041250,KCLE,24R,KDTW,21L,0
83856,685200404131257,KCLE,24L,KDTW,21L,0
83868,685200404201120,KDTW,21R,KCLE,10,0
83953,685200405191701,KDTW,21R,KCLE,6L,0
84271,686200107130628,KDTW,22L,KCLE,6L,0
84272,686200107130800,KCLE,6L,KDTW,21L,0
84279,686200107150935,KDTW,21R,KCLE,24R,0
84834,686200203290632,KDTW,21R,KCLE,24L,0
84835,686200203290803,KCLE,24L,KDTW,21R,0
85091,686200207211257,KCLE,6L,KDTW,3R,0
85359,686200210120734,KDTW,21R,KCLE,24L,0
85360,686200210120901,KCLE,24L,KDTW,21L,0
85361,686200210121949,KDTW,21R,KCLE,24L,0
85362,686200210130513,KCLE,24L,KDTW,22R,0
85402,686200210241953,KDTW,4R,KCLE,6R,0
85403,686200210250547,KCLE,6R,KDTW,3R,0
85404,686200210252229,KDTW,4L,KCLE,6R,0
85405,686200210260540,KCLE,6L,KDTW,21L,0
85474,686200211110527,KCLE,24L,KDTW,3R,0
85677,686200301111300,KCLE,6L,KDTW,3R,0
85750,686200302011247,KCLE,24L,KDTW,21L,0
86023,686200305251707,KDTW,27R,KCLE,6L,0
86024,686200305260424,KCLE,6R,KDTW,21L,0
86028,686200305261903,KDTW,21R,KCLE,6L,0
86118,686200307191854,KDTW,21L,KCLE,24R,0
86209,686200308201857,KDTW,21L,KCLE,24L,0
86300,686200310241952,KDTW,21L,KCLE,24L,0
86351,686200312051538,KCLE,24R,KDTW,21L,0
86372,686200312111800,KDTW,21R,KCLE,24L,0
86373,686200312120841,KCLE,24R,KDTW,21L,0
86376,686200312121536,KDTW,21R,KCLE,24L,0
86395,686200402031621,KCLE,24L,KDTW,27L,0
86396,686200402031855,KDTW,21R,KCLE,24L,0
86443,686200403011643,KCLE,24R,KDTW,21L,0
86444,686200403011857,KDTW,21L,KCLE,24L,0
86446,686200403030401,KCLE,6L,KDTW,3R,0
86504,686200403171252,KCLE,6L,KDTW,21L,0
86514,686200403200751,KCLE,24R,KDTW,21L,0
86565,686200404071114,KDTW,3R,KCLE,10,0
86595,686200404251700,KDTW,21R,KCLE,24L,0
86604,686200404271253,KCLE,24L,KDTW,21L,0
86609,686200404281700,KDTW,21R,KCLE,24L,0
86704,686200405311114,KDTW,4R,KCLE,6L,0
86723,686200406071251,KCLE,6L,KDTW,22R,0
86754,686200406161154,KDTW,21R,KCLE,6L,0
86755,686200406161322,KCLE,6L,KDTW,4R,0
86800,686200407011652,KCLE,6L,KDTW,21R,0
86858,686200407181644,KCLE,24L,KDTW,22L,0
87466,687200111270854,KCLE,6L,KDTW,4R,0
88091,687200207291238,KDTW,4L,KCLE,6L,0
88092,687200207291355,KCLE,6L,KDTW,3R,0
88290,687200209231534,KCLE,24L,KDTW,21L,0
88621,687200301131255,KCLE,6L,KDTW,3R,0
88632,687200301161252,KDTW,4L,KCLE,6L,0
89061,687200306261859,KDTW,21R,KCLE,6L,0
89077,687200306291705,KDTW,3L,KCLE,6L,0
89253,687200311291800,KDTW,22L,KCLE,24L,0
89262,687200312021805,KDTW,21L,KCLE,6L,0
89266,687200312031932,KDTW,3L,KCLE,24L,0
89267,687200312040506,KCLE,6R,KDTW,21L,0
89273,687200312161723,KCLE,24R,KDTW,21L,0
89360,687200402081626,KCLE,6L,KDTW,21L,0
89361,687200402081856,KDTW,22L,KCLE,6L,0
89362,687200402090406,KCLE,24L,KDTW,22R,0
89405,687200403041623,KCLE,6L,KDTW,3R,0
89437,687200403151252,KCLE,6R,KDTW,21L,0
89473,687200403251723,KDTW,3L,KCLE,6L,0
89501,687200404061659,KDTW,3L,KCLE,6L,0
89509,687200404160751,KCLE,24L,KDTW,21L,0
89512,687200404171134,KDTW,21L,KCLE,24R,0
89513,687200404171254,KCLE,24R,KDTW,21L,0
89516,687200404181700,KDTW,21R,KCLE,24L,0
89532,687200406151119,KDTW,21R,KCLE,24L,0
89533,687200406151252,KCLE,24R,KDTW,4L,0
89573,687200406301126,KDTW,22L,KCLE,6L,0
89584,687200407041648,KCLE,24L,KDTW,21L,0
89590,687200407061113,KDTW,27R,KCLE,24L,0
89591,687200407061249,KCLE,24R,KDTW,4R,0
89776,652200301150757,KCLE,6L,KDTW,3R,1
89790,652200305140652,KCLE,6L,KDTW,3R,1
89896,653200306281800,KDTW,21R,KCLE,24L,1
89996,654200302221218,KDTW,21R,KCLE,6L,1
89998,654200303011656,KDTW,21R,KCLE,24L,1
90167,655201005190411,KCLE,6L,KDTW,22L,1
90412,657200106130934,KDTW,21L,KCLE,6L,1
90496,657200107021111,KCLE,24L,KDTW,3R,1
90723,657200108271307,KCLE,24R,KDTW,21L,1
90786,657200110041214,KDTW,21R,KCLE,24R,1
90787,657200110041355,KCLE,24R,KDTW,21R,1
91424,657200205170625,KDTW,21R,KCLE,24R,1
91425,657200205170758,KCLE,24R,KDTW,21L,1
91492,657200206061123,KDTW,21R,KCLE,24L,1
91493,657200206061256,KCLE,24R,KDTW,21R,1
91622,657200207111148,KDTW,22L,KCLE,24L,1
91672,657200207231124,KDTW,3L,KCLE,6L,1
91673,657200207231257,KCLE,24L,KDTW,3R,1
92349,657200301220625,KDTW,21R,KCLE,6L,1
92350,657200301220756,KCLE,6R,KDTW,3R,1
92459,657200302160933,KDTW,3L,KCLE,6R,1
92460,657200302161101,KCLE,6R,KDTW,3R,1
92711,659200207101123,KDTW,22L,KCLE,24L,1
92752,659200303050632,KDTW,21R,KCLE,6R,1
92774,659200307121901,KDTW,4R,KCLE,6L,1
93100,662200302210934,KDTW,21R,KCLE,24R,1
93228,663200303171706,KDTW,21R,KCLE,24L,1
93259,664200106080958,KDTW,21R,KCLE,24L,1
93262,664200106100933,KDTW,21R,KCLE,6L,1
93368,664200303151810,KDTW,21R,KCLE,24R,1
93495,665200306250413,KCLE,24R,KDTW,21L,1
93634,666200405241245,KCLE,6L,KDTW,21L,1
93642,666200911160729,KDTW,21R,KCLE,24R,1
93645,666200911170501,KCLE,24R,KDTW,21L,1
93772,667200301201159,KDTW,22L,KCLE,24R,1
93794,667200307101853,KDTW,21R,KCLE,6L,1
93805,667200311191951,KDTW,22L,KCLE,24L,1
93825,667200404071657,KDTW,3L,KCLE,6L,1
93942,668200303060628,KDTW,21R,KCLE,6L,1
93943,668200303060932,KDTW,21R,KCLE,6L,1
93958,668200306130410,KCLE,6R,KDTW,21L,1
93975,668200311261723,KCLE,24L,KDTW,21L,1
94081,669200305191657,KDTW,21R,KCLE,6L,1
94115,669200402230400,KCLE,6R,KDTW,3R,1
94208,670200303021137,KDTW,21R,KCLE,6L,1
94238,670200312271808,KDTW,21R,KCLE,6L,1
94344,671200210072113,KCLE,6L,KDTW,3R,1
94354,671200301301349,KCLE,6L,KDTW,21L,1
94367,671200305141839,KDTW,21R,KCLE,6R,1
94393,671200401201900,KDTW,21R,KCLE,6R,1
94411,671200407041249,KCLE,24L,KDTW,21L,1
94438,672200106141113,KCLE,6L,KDTW,21L,1
94655,673200301181134,KDTW,21R,KCLE,24L,1
94656,673200301181258,KCLE,24L,KDTW,21L,1
94700,673200402151452,KDTW,4R,KCLE,24L,1
94708,673200404291910,KDTW,21R,KCLE,6L,1
94712,673200405261126,KDTW,21L,KCLE,24R,1
94865,674200305211700,KDTW,22L,KCLE,24L,1
94875,674200308081951,KDTW,3L,KCLE,24L,1
94880,674200310090731,KDTW,21R,KCLE,6L,1
95063,675200312031957,KDTW,3L,KCLE,6L,1
95073,675200403010402,KCLE,6L,KDTW,22R,1
95089,675200406011118,KDTW,21R,KCLE,10,1
95223,676200301151124,KDTW,4R,KCLE,10,1
95291,676200403040403,KCLE,6L,KDTW,21L,1
95295,676200403220552,KCLE,24L,KDTW,3R,1
95315,676200406281124,KDTW,21R,KCLE,6L,1
95316,676200407141657,KCLE,24L,KDTW,21L,1
95333,677200106161107,KCLE,24L,KDTW,21L,1
95390,677200210190537,KCLE,6L,KDTW,22L,1
95438,677200311030850,KCLE,24R,KDTW,21L,1
95449,677200401261927,KDTW,3L,KCLE,24L,1
95462,677200404131657,KDTW,21R,KCLE,24L,1
95516,678200209301413,KCLE,24R,KDTW,21R,1
95524,678200211012029,KDTW,21R,KCLE,24L,1
95566,678200401311623,KCLE,24L,KDTW,3L,1
95570,678200402091622,KCLE,24L,KDTW,21L,1
95655,680200301071127,KDTW,21L,KCLE,24R,1
95660,680200302010409,KCLE,24R,KDTW,22R,1
95795,681200302071436,KDTW,21R,KCLE,6L,1
95941,682200302170625,KDTW,21R,KCLE,6L,1
95963,682200304300412,KCLE,6L,KDTW,22R,1
95966,682200305160420,KCLE,24L,KDTW,3R,1
96029,683200110021349,KCLE,24R,KDTW,21L,1
96154,683200401281658,KDTW,4L,KCLE,6R,1
96301,684200402021858,KDTW,3L,KCLE,24L,1
96428,685200401171059,KDTW,4R,KCLE,6R,1
96552,686200404071251,KCLE,24L,KDTW,3R,1
96582,687200111270730,KDTW,21R,KCLE,6L,1
96644,687200305021659,KDTW,21R,KCLE,6R,1
97086,660200302120936,KDTW,21L,KCLE,6L,2
97186,661200306051701,KDTW,21L,KCLE,24L,2
97458,666200311241814,KDTW,21L,KCLE,24L,2
97538,667200308241806,KDTW,22L,KCLE,24L,2
97631,669200106070931,KDTW,21R,KCLE,24L,2
97727,670200302281435,KDTW,21L,KCLE,24R,2
98184,677200302260947,KDTW,21L,KCLE,24L,2
98186,677200304211700,KDTW,21R,KCLE,24R,2
98423,681200311211549,KCLE,24R,KDTW,21L,2
98425,681200401101700,KDTW,21R,KCLE,6L,2
98654,684200401220405,KCLE,6L,KDTW,21R,2
98778,686200301200624,KDTW,22L,KCLE,24L,2
99019,659200301060749,KCLE,24R,KDTW,21L,3
99192,666200405010752,KCLE,24R,KDTW,21L,3
99415,673200312121544,KCLE,24L,KDTW,22R,3
99557,678200112270731,KDTW,21L,KCLE,24L,3
99568,678200310211957,KDTW,21R,KCLE,24L,3
99616,681200211070533,KCLE,24L,KDTW,22R,3
99629,681201006160412,KCLE,24L,KDTW,21L,3
99775,685200310310910,KCLE,24L,KDTW,21L,3
99783,685200404041118,KDTW,21R,KCLE,24L,3
99835,687200403260749,KCLE,6L,KDTW,3R,3
