87.4804,80.136,-8.78434,2252.24,134.157,-88.0658,-5.71913,-4.21637,3651,0.03315,-133.065,-0.328888,60.7786,963.886,-6.04858,7.87473,-0.0229238,-141.683,1.01949,33.8812
88.7693,82.8365,-7.82648,2237.51,131.721,-88.0658,-5.47376,-3.0298,3651,0.02847,-133.065,-0.330848,60.9854,963.425,-5.38121,8.86496,1.4548,-140.732,1.00893,32.4458
85.1891,80.2588,-6.18499,2223.67,130.886,-88.0658,-4.37431,-5.3211,3651,0.0195,-133.065,-0.336336,62.766,963.462,-3.72451,8.56058,2.44943,-139.941,1.09106,31.9542
87.7464,81.609,-7.11194,2208.48,129.202,-88.0658,-3.82524,-3.88904,3651,0.01716,-133.065,-0.34104,71.6831,963.017,-4.00344,8.74822,1.54183,-139.194,0.992822,31.2093
90.3445,85.5574,-7.61313,2195.96,130.122,-88.0658,-3.33656,-4.87102,3651,0.01599,-133.065,-0.33908,77.0856,963.982,-3.86631,8.13908,1.22959,-137.91,0.982565,32.2223
84.8209,79.6041,-6.8852,2182.27,130.326,-88.0658,-3.59386,-4.52324,3651,0.0039,-133.065,-0.340256,78.1643,964.472,-3.48599,5.08859,0.0598838,-136.574,1.01163,34.1362
85.4755,80.0951,-6.10187,2168.61,128.746,-88.0658,-3.86679,-4.38003,3651,0.00507,-133.065,-0.3381,78.8702,964.259,-3.54148,4.46546,-0.622654,-135.429,1.0424,33.05
91.9607,82.2636,-6.49054,2156.73,128.024,-88.0658,-2.95848,-3.62308,3651,-0.00312001,-133.065,-0.333788,78.5806,964.52,-3.73071,6.1909,2.82344,-135.513,0.977834,32.4565
84.4526,78.172,-6.14678,2145.09,127.04,-88.0658,-2.01211,-3.62308,3651,0.00195,-133.065,-0.331436,79.8922,964.594,-3.23513,4.91471,1.30501,-135.103,1,30.7961
85.23,80.627,-4.46797,2134.38,129.574,-88.0658,-2.49125,-4.27774,3651,0.00117,-133.065,-0.329084,82.2315,965.747,-2.53523,4.14949,-0.488235,-134.015,1.07533,33.0612
83.532,79.7473,-5.6763,2124.43,129.06,-88.0658,-2.08766,-4.60507,3651,-0.00779999,-133.065,-0.319872,82.3648,966.2,-2.33992,4.31609,1.43295,-133.467,1.04657,33.2995
87.9305,81.4044,-5.82871,2115.54,128.99,-88.0658,-1.9947,-4.50278,3651,-0.00818998,-133.065,-0.3185,79.3551,966.141,-2.38007,4.44402,0.639048,-132.876,1.01497,33.2468
89.7308,83.9821,-5.90967,2107.5,126.543,-88.0658,-1.56772,-4.25728,3650,0.00039,-133.065,-0.312424,78.989,965.561,-2.27932,4.73664,0.886553,-132.248,1.00419,31.9071
89.7717,82.6933,-6.66189,2100.2,125.766,-88.0658,-1.28525,-4.42094,3651,-0.00428999,-133.065,-0.30576,79.3567,965.468,-2.36423,3.54022,1.50523,-131.796,0.94221,30.5047
86.8871,81.2203,-5.90969,2091.63,126.049,-88.0658,-1.46978,-4.21637,3651,-0.00351,-133.065,-0.299488,79.3528,966.098,-2.18803,2.25141,-0.198596,-131.03,0.989966,31.7996
85.5165,83.0206,-5.34777,2081.97,125.758,-88.0658,-1.95379,-4.6869,3651,-0.00351,-133.065,-0.294196,79.4483,966.527,-2.32679,1.57255,0.125124,-130.255,0.987831,31.6958
84.9845,80.0542,-6.29467,2071.07,126.256,-88.0658,-1.38128,-4.80965,3651,-0.00585002,-133.065,-0.285572,79.4326,966.396,-2.96723,1.10943,1.29229,-130.465,0.981113,32.5572
84.8209,79.645,-7.16448,2061.91,124.588,-88.0658,-1.07114,-5.05515,3651,-0.0156,-133.065,-0.279692,79.4242,966.352,-3.61883,2.20331,1.68788,-130.613,0.917196,30.6085
86.6826,81.8136,-7.42282,2049.66,124.963,-88.0658,-0.793434,-3.68446,3651,-0.02106,-133.065,-0.26852,79.3445,966.997,-3.85956,3.2879,1.47603,-130.321,0.923798,30.9002
86.7439,82.2636,-5.1711,2036.5,124.112,-88.0658,-1.38095,-3.70491,3651,-0.02106,-133.065,-0.263228,79.3988,966.996,-3.67075,2.95289,0.130054,-129.237,0.97745,29.9925
88.0123,82.8774,-5.47328,2023.39,123.9,-88.0658,-1.67875,-3.37759,3650,-0.02379,-133.065,-0.252644,79.3758,967.769,-3.23754,1.92343,0.256239,-128.437,0.984617,29.6584
85.5369,80.5861,-2.43783,2012.54,124.335,-88.0658,-2.01921,-3.25484,3651,-0.02925,-133.065,-0.243236,81.1743,968.047,-1.80796,1.05655,0.12671,-127.868,1.07146,29.7304
86.3552,81.9568,-2.48908,1998.3,125.48,-88.0658,-1.33377,-2.8866,3651,-0.03666,-133.065,-0.233436,82.1566,968.806,-1.30033,2.02174,1.95397,-128.205,1.10879,30.8154
87.419,76.1467,-4.20346,1989.89,123.936,-88.0658,-0.353381,-2.10919,3651,-0.02964,-133.065,-0.22246,82.1195,968.627,-1.35827,2.75632,2.514,-128.678,0.997796,28.5224
86.4166,81.6294,-3.72661,1981.36,125.956,-88.0658,0.708489,-3.78675,3651,-0.03081,-133.065,-0.213248,82.8575,969.874,-0.530123,4.05362,2.18475,-129.036,1.06542,30.3369
85.9665,81.1589,-3.82982,1975.05,126.301,-88.0658,1.0632,-4.2982,3651,-0.02886,-133.065,-0.204428,83.8825,970.162,0.366534,3.6774,1.83175,-128.56,1.05327,30.7513
85.5574,80.6679,-4.85825,1970.21,127.418,-88.0658,0.637734,-4.21637,3651,-0.03042,-133.065,-0.193256,84.3697,970.741,0.402782,3.11795,-0.434087,-127.579,1.05521,31.6051
83.8594,78.6426,-5.87702,1968.43,126.855,-88.0658,0.182418,-4.21637,3651,-0.02769,-133.065,-0.18228,85.525,970.977,0.340365,3.14385,0.64546,-126.628,0.977034,31.8785
85.4551,80.0337,-4.56716,1965.47,127.433,-88.0658,0.201089,-6.30308,3651,-0.01599,-133.065,-0.172284,86.16,971.036,0.723526,4.83252,0.289644,-126.047,1.05836,32.1161
85.0664,81.343,-6.42056,1962.24,126.693,-88.0658,1.08426,-4.80965,3651,-0.01209,-133.065,-0.162092,86.1237,970.694,0.111979,6.48852,2.6443,-125.781,0.95494,31.6914
85.2096,80.3201,-6.58182,1959.41,126.928,-88.0658,1.791,-4.60507,3651,-0.01404,-133.065,-0.14994,86.2139,971.039,-0.286542,5.99877,1.42557,-125.361,0.972557,31.4839
87.7055,80.402,-5.49188,1955.33,125.421,-88.0658,1.38195,-4.31866,3651,-0.01521,-133.065,-0.13916,86.1392,970.118,-0.190364,6.86029,0.344371,-123.895,0.981792,30.0439
89.7308,80.6475,-4.88975,1952.83,124.149,-88.0658,1.75556,-4.52324,3651,-0.00975001,-133.065,-0.126616,86.1898,970.12,-0.399587,8.01225,1.53998,-123.028,0.993938,27.4866
88.9739,85.2096,-5.17467,1947.78,125.159,-88.0658,1.86524,-4.80965,3651,-0.00467998,-122.079,-0.117992,86.1461,970.267,-0.620759,7.01722,0.672829,-121.603,0.960892,27.8328
87.3781,81.4249,-5.16846,1943.94,124.241,-88.0658,2.13696,-4.4414,3651,-0.00312001,-107.05,-0.105056,86.1906,969.832,-0.977102,4.72597,0.23033,-120.865,0.995691,26.2677
81.5476,76.3513,-4.04045,1939.1,125.91,-88.0658,2.18031,-4.74828,3651,3.0129e-16,-107.05,-0.097216,86.1155,970.968,-1.12123,4.95076,1.18059,-120.13,1.01234,26.9258
80.402,76.249,-4.61357,1931.26,125.682,-88.0658,2.62417,-4.38003,3651,0.00273,-107.05,-0.088592,86.1938,971.587,-1.33869,6.6461,2.00701,-119.757,1.05197,25.9785
87.8078,77.4151,-6.49604,1926,128.938,-88.0658,2.98773,-4.13453,3651,0.00858,-90.0872,-0.076244,86.1216,973.013,-1.50463,11.9245,1.69292,-118.63,0.973695,28.2023
85.23,83.8798,-5.24662,1918.26,128.585,-88.0658,4.93023,-4.97331,3651,0.01092,-88.0658,-0.069972,86.2379,972.782,-0.74432,15.5444,3.35747,-118.094,1.06,28.7003
90.4468,84.4936,-7.11914,1912.23,129.211,-88.0658,5.64617,-4.99377,3651,0.01365,-88.0658,-0.05978,86.1373,973.477,-1.3088,14.732,1.58258,-116.048,0.959109,28.4678
86.9076,85.2096,-7.11196,1910.85,131.404,-88.0658,4.99601,-6.32354,3651,0.01443,-88.0658,-0.052724,86.3039,974.49,-2.02795,11.4741,-0.906555,-113.261,1.00573,29.841
87.7055,82.0386,-8.3708,1903.22,130.646,-88.0658,4.38268,-5.01423,3651,0.02106,-88.0658,-0.044296,85.4361,974.501,-2.90732,9.14196,-0.810834,-110.932,0.961991,28.4291
84.3913,80.2792,-9.61421,1894.8,131.896,-88.0658,5.33473,-6.11896,3651,0.02067,-88.0658,-0.036456,84.3869,975.332,-3.52183,9.45212,2.24497,-110.582,0.931348,28.7497
84.0435,79.4404,-8.81974,1884.73,132.287,-88.0658,5.81295,-5.3211,3651,0.02535,-88.0658,-0.031556,83.9352,975.602,-3.51501,9.53791,1.7201,-109.407,0.946174,29.3581
89.2398,76.3104,-9.52373,1872.27,132.538,-88.0658,6.24542,-5.77118,3651,0.02106,-88.0658,-0.027244,83.3514,976.408,-3.70226,11.5185,1.16884,-108.422,0.970244,28.9572
89.9558,86.4575,-8.26593,1855.47,133.941,-88.0658,6.7441,-5.83255,3651,0.02964,-88.0658,-0.020776,83.0833,977.594,-3.73145,12.2514,2.42667,-106.829,0.95522,30.5104
87.0303,84.3299,-7.99642,1843.9,134.939,-88.0658,6.37316,-5.09606,3651,0.01794,-88.0658,-0.019992,82.0855,978.403,-4.93931,8.10564,-0.389839,-104.778,1.0329,29.9463
86.2939,81.2203,-9.37582,1829,135.223,-88.0658,5.32287,-5.4643,3651,0.02028,-88.0658,-0.018424,79.5602,979.02,-5.43463,5.74462,-1.26633,-102.575,0.969354,28.9014
86.7439,81.5885,-9.35736,1816.25,134.66,-88.0658,6.33489,-5.28018,3651,0.01677,-88.0658,-0.014504,77.8935,979.142,-5.492,6.16298,2.54581,-102.764,1.01063,29.3465
89.8126,87.3986,-9.65842,1803.21,134.19,-88.0658,7.20661,-4.70736,3651,0.00663,-88.0658,-0.01078,78.295,979.459,-5.30527,6.06412,2.41947,-102.342,0.923917,30.2298
88.5852,87.91,-8.77722,1787.46,133.97,-88.0658,7.90202,-4.56415,3651,0.0078,-88.0658,-0.00823198,76.3945,979.896,-4.76711,2.50876,1.55511,-102.203,1.01442,31.0727
84.5345,79.7678,-7.46023,1773.88,131.497,-88.0658,7.14774,-5.23927,3651,0.00663,-88.0658,-0.00744797,76.5661,979.127,-4.26094,-2.70732,-1.08077,-101.241,1.0045,29.1358
84.8823,79.3586,-8.09258,1758.99,130.209,-88.0658,6.50116,-4.97331,3651,-0.00312001,-88.0658,-0.00548799,76.2395,979.023,-4.48291,-3.04736,-0.261512,-101.462,1.03087,27.1229
86.3552,81.2612,-8.34559,1745.64,128.71,-88.0658,6.52271,-3.11163,3651,-0.00740999,-88.0658,-0.00333198,76.5245,979.026,-4.94668,-0.886978,1.8455,-101.647,0.876692,26.4747
87.1531,81.6499,-6.55131,1732.4,127.85,-88.0658,6.77587,-2.55927,3651,-0.00740999,-88.0658,0.001176,76.115,979.134,-3.81159,0.374725,1.67061,-102.099,1.07171,25.5993
83.4911,76.3922,-4.24597,1719.66,127.55,-88.0658,6.20907,-4.40049,3651,-0.00585002,-88.0658,0.00098,77.3296,979.24,-2.30793,1.27911,0.34846,-101.238,0.378821,25.9673
89.1375,83.8184,-4.79196,1707.57,124.86,-88.0658,6.58737,-3.25484,3651,-0.01014,-88.0658,0.00588,78.0415,978.786,-2.50626,3.43905,1.64455,-101.422,0.39696,24.0451
86.2325,81.5067,-5.73719,1695.88,126.448,-88.0658,6.97555,-3.64354,3651,-0.01326,-88.0658,0.005488,78.2373,980.158,-2.43146,3.30123,1.51096,-100.87,-0.292686,25.8635
87.1326,83.4707,-4.83172,1685.04,126.949,-88.0658,7.54692,-3.72537,3651,-0.01092,-88.0658,0.007252,77.8579,980.494,-2.1506,3.51246,1.21457,-101.04,-0.73837,27.4757
86.0893,83.1024,-3.51299,1675.99,126.231,-88.0658,7.90559,-4.70736,3651,-0.01053,-88.0658,0.00784,79.351,980.162,-1.95392,3.07342,2.20734,-100.506,0.346679,27.6213
85.9461,82.7751,-6.15632,1666.57,125.16,-88.0658,7.79543,-4.2982,3651,-0.01287,-88.0658,0.007644,81.2708,980.075,-2.54552,2.71469,0.116108,-100.139,0.0812158,26.4597
86.1711,81.1384,-5.49772,1659.29,124.716,-88.0658,7.40193,-4.42094,3651,-0.01638,-88.0658,0.008036,78.8597,980.478,-2.67487,2.38988,0.86018,-99.123,-0.380221,26.0621
90.4264,85.6187,-5.47617,1647.82,123.918,-88.0658,7.07229,-3.2753,3651,-0.01599,-88.0658,0.00882,79.8797,980.212,-2.60971,3.09251,-0.211025,-98.6013,-0.0893982,24.4584
88.1146,82.6523,-6.17256,1638.93,126.31,-88.0658,7.20831,-3.11163,3651,-0.01248,-88.0658,0.009604,81.1142,981.539,-2.07538,2.79067,1.6014,-97.8859,-0.328206,26.5574
88.401,80.4838,-3.41404,1630.19,126.226,-88.0658,7.64889,-4.62553,3651,-0.01599,-88.0658,0.0098,80.92,981.944,-0.932522,2.31263,1.08532,-98.0924,0.339539,27.8965
85.7824,80.4429,-4.26943,1620.5,126.159,-88.0658,7.91199,-3.88904,3651,-0.01404,-88.0658,0.01176,81.0266,982.348,-1.14066,2.39632,1.64522,-97.6012,0.809306,28.6009
85.721,82.4068,-4.99737,1613.06,124.61,-88.0658,8.14949,-3.88904,3651,-0.0156,-88.0658,0.009604,80.7405,981.938,-1.60143,1.68719,1.17391,-97.6914,-0.272281,28.3136
86.5189,81.1589,-5.53789,1607.14,124.155,-88.0658,7.44605,-3.19347,3651,-0.01404,-88.0658,0.009408,80.9122,981.869,-1.60793,1.49715,0.00835731,-96.4825,0.64742,27.01
85.8029,84.2685,-4.73277,1600.68,124.375,-88.0658,7.26454,-3.33667,3650,-0.01131,-88.0658,0.007448,80.6468,982.292,-1.14236,0.985509,0.612416,-96.3112,0.611623,27.8119
85.2505,80.5861,-3.55497,1594.49,123.044,-88.0658,7.10177,-3.664,3651,-0.01209,-88.0658,0.005488,81.3594,981.826,-0.643786,0.228942,0.564382,-95.6924,0.802615,26.6055
84.5345,79.8701,-4.44674,1587.55,124.572,-88.0658,7.64172,-3.664,3651,-0.00818998,-88.0658,0.005488,81.1887,982.93,-0.766867,-0.0973273,1.73931,-96.4588,0.555862,28.3614
88.8716,79.2359,-4.8496,1580.73,125.588,-88.0658,7.6716,-3.72537,3651,-0.00858003,-88.0658,0.003528,79.9853,983.408,-0.88617,0.0142102,0.866824,-96.1199,1.19182,29.9955
86.4166,83.3479,-4.93369,1574.88,125.308,-88.0658,8.15346,-3.23438,3651,-0.00702,-88.0658,0.003136,79.872,983.698,-0.71722,0.0830153,1.37078,-96.7903,0.854708,30.7069
85.4142,84.0026,-4.14132,1569.43,125.458,-88.0658,8.29242,-4.64598,3651,-0.00116998,-88.0658,0.000196,79.5612,983.746,-0.395804,-1.05958,1.1705,-96.5804,1.14611,31.9016
86.3552,80.2383,-4.78138,1564.52,123.572,-88.0658,8.24399,-3.99133,3651,-0.00195003,-88.0658,-0.000979977,79.7539,983.211,-0.946264,-1.40025,0.317794,-97.0546,-0.125947,30.3939
84.7391,80.6475,-6.10481,1558.35,123.08,-88.0658,8.07208,-3.95041,3651,0.00312,-88.0658,-0.00274398,79.6941,983.293,-1.43533,-1.23808,0.902475,-96.7747,0.896753,30.0998
85.3732,80.1974,-5.65918,1550.76,122.528,-88.0658,8.22645,-2.86614,3651,0.00663,-88.0658,-0.003136,79.785,983.272,-1.32343,-0.479371,0.992219,-97.4083,0.924012,30.0916
86.3552,82.3046,-3.63881,1543.7,122.831,-88.0658,8.29028,-3.70491,3651,0.00195,-88.0658,-0.00391998,79.7622,983.62,-0.568558,0.284977,1.14736,-97.0874,1.03909,30.8929
85.9665,83.4707,-2.7857,1534.52,122.333,-88.0658,8.86358,-4.31866,3651,0.00546,-88.0658,-0.00529199,79.82,983.681,-0.680032,-0.294687,1.68717,-97.8821,0.982404,31.1897
86.3552,85.1482,-4.19245,1526.12,121.415,-88.0658,8.64804,-2.17057,3651,0.00624,-88.0658,-0.00587998,79.7967,983.601,-1.70571,-2.55652,0.490471,-97.4306,0.980643,30.2073
85.721,80.852,-4.24501,1517.44,121.303,-88.0658,8.36553,-2.60019,3651,0.00585,-88.0658,-0.00666399,79.8348,983.958,-1.39714,-4.18141,0.00457675,-98.1513,0.94623,29.5893
85.1687,80.2178,-3.77199,1508.56,121.549,-88.0658,7.81331,-4.11407,3651,0.0078,-88.0658,-0.00744797,79.8714,984.215,-0.829511,-4.76641,0.492747,-98.1021,1.02923,29.737
82.0795,76.6377,-4.40968,1498.6,121.217,-88.0658,7.74107,-2.78431,3651,0.00117,-88.0658,-0.00725199,79.8607,984.574,-1.27751,-3.83628,0.790158,-99.2442,0.918516,29.6869
84.1253,80.4838,-4.15564,1487.55,122.181,-88.0658,7.79464,-2.72293,3651,2.76183e-16,-88.0658,-0.00685997,79.8918,985.477,-1.31831,-1.85618,2.26445,-99.4692,0.990927,30.4235
85.0459,79.3791,-2.45203,1477.37,122.95,-88.0658,8.17824,-3.33667,3651,-0.00312001,-88.0658,-0.00685997,79.8478,986.02,-0.613432,-0.962357,1.15852,-100.454,1.03125,31.9956
85.3732,80.0542,-3.03403,1466.16,122.322,-88.0658,8.33253,-3.52079,3651,-0.01053,-88.0658,-0.00607599,79.935,986.119,-0.231079,0.390311,1.32902,-100.304,1.0551,32.4808
92.2062,81.0771,-3.21006,1456.44,121.445,-88.0658,8.99068,-3.43896,3651,-0.00740999,-88.0658,-0.00529199,79.8604,986.16,-0.321218,1.52728,1.83157,-101.086,0.957939,32.2434
84.6572,83.6139,-3.28914,1448.21,120.574,-88.0658,9.17619,-3.29576,3651,-0.00818998,-88.0658,-0.00568398,79.9507,986.181,-0.338549,0.0922956,1.286,-100.544,1.00966,31.9643
86.1916,79.9723,-3.19262,1440,119.659,-88.0658,8.79899,-2.29331,3651,-0.00779999,-88.0658,-0.00587998,79.79,985.977,-0.35909,-1.2918,-0.468689,-100.728,0.955591,30.9606
86.6212,81.6499,-1.95673,1431.51,119.907,-88.0658,8.28458,-2.94797,3651,-0.00818998,-88.0658,-0.0049,80.1981,986.347,0.241395,-0.813654,0.341181,-100.051,1.03398,30.6807
86.6416,81.6908,-0.821402,1423.95,118.461,-88.0658,8.36524,-2.90705,3651,-0.00897002,-88.0658,-0.00352799,81.5756,986.074,0.734986,-0.537145,0.749932,-100.65,1.00942,29.7726
86.7235,81.9363,-2.01837,1413.81,120.651,-88.0658,8.36394,-2.98889,3651,-0.00936002,-88.0658,-0.003724,81.7367,987.316,0.79933,0.203667,1.20984,-100.253,1.02748,30.8457
86.7235,81.8954,-2.13548,1405.14,118.98,-88.0658,8.76985,-2.82522,3651,-0.00936002,-88.0658,-0.00333198,81.6406,986.861,0.826938,-0.151784,1.30192,-101,0.977807,31.2844
84.289,80.1769,-2.17749,1395.96,119.172,-88.0658,8.69503,-3.07072,3651,-0.00897002,-88.0658,-0.00333198,81.7703,987.653,0.914666,-1.01672,1.41157,-100.567,1.01524,30.1132
83.0615,79.3381,-1.1542,1392.82,119.521,-88.0658,7.76327,-3.05026,3651,-0.00740999,-88.0658,-0.00176399,81.6078,987.895,0.714203,-3.31365,-0.186942,-100.425,0.999359,31.2175
82.9797,78.0493,-1.09344,1386.48,116.024,-88.0658,6.40458,-3.07072,3651,-0.00351,-88.0658,-0.000587987,82.6177,986.414,0.825349,-3.19361,-1.09172,-99.387,1.0037,26.8425
83.0001,78.0084,-0.8583,1378.69,117.218,-88.0658,6.93715,-3.00934,3651,-0.00351,-88.0658,0.001568,81.9242,987.151,0.572989,-1.42294,2.13803,-100.838,0.96889,27.672
84.4731,78.9699,-2.74518,1368.11,118.221,-88.0658,7.26513,-2.66156,3651,0.00078,-88.0658,0.001372,82.2541,987.976,0.145181,0.818761,2.57121,-100.814,0.972667,28.9272
85.7006,81.5476,-1.56138,1362.09,116.985,-88.0658,7.37947,-2.37515,3651,-0.000389995,-88.0658,0.00196,83.2906,987.769,0.52105,1.88573,1.58401,-101.086,0.963912,27.7732
84.9845,80.2178,-1.29788,1354.87,116.71,-88.0658,6.89519,-2.70247,3651,-0.000779989,-88.0658,0.003332,83.386,987.755,1.3315,1.46567,-0.196208,-99.7996,1.00813,26.2035
84.4117,79.5223,0.197884,1345.92,118.554,-88.0658,7.10786,-2.53881,3651,0.00351,-88.0658,0.006664,83.5585,988.878,1.75686,0.931611,1.48235,-100.276,1.01655,27.9494
85.9665,79.7678,0.464186,1340.38,117.432,-88.0658,6.9744,-3.19347,3651,0.00663,-88.0658,0.006664,84.1284,988.743,1.93413,2.0455,0.404838,-99.4065,1.06702,27.1474
85.271,80.2792,0.235337,1334,117.739,-88.0658,8.04381,-3.21392,3651,0.00936,-88.0658,0.009408,84.5258,989.177,1.78702,3.0862,3.14833,-100.473,0.998199,27.7928
85.1278,80.2588,1.20265,1331.55,115.307,-88.0658,8.19434,-3.21392,3651,0.0156,-88.0658,0.008232,83.9657,988.031,1.68036,3.636,1.21984,-99.4908,1.05076,26.4603
84.2071,86.478,2.37088,1328.33,113.704,-88.0658,8.86849,-5.28018,3651,0.02145,-88.0658,0.00882,83.5619,987.474,1.57413,3.49131,1.70627,-99.9358,0.978686,24.113
88.8307,76.6786,-1.46775,1316.21,115.788,-88.0658,8.82046,-4.4414,3651,0.0312,-88.0658,0.00882,83.4134,989.084,-0.25847,2.08908,1.39905,-98.9214,0.96086,25.8356
88.7079,83.5934,-3.48515,1310.15,114.468,-88.0658,8.37838,-3.86858,3651,0.0351,-88.0658,0.007056,83.6391,988.857,-1.93955,2.99731,-0.459343,-98.6937,0.839875,23.2312
85.3937,80.3815,-4.64783,1295.44,119.948,-88.0658,8.49785,-2.47744,3651,0.03315,-88.0658,0.00784,84.013,991.289,-2.58084,1.7939,1.33672,-97.8809,0.934745,26.2399
89.0352,80.9748,-4.3795,1285.52,121.148,-88.0658,8.40918,-4.60507,3651,0.02964,-88.0658,0.006468,84.2752,991.988,-2.72727,0.887415,0.782368,-98.2358,0.917074,27.1992
84.6981,81.7522,-1.75728,1270.98,121.664,-88.0658,8.07143,-4.09362,3651,0.0195,-88.0658,0.006664,84.3335,992.781,-2.28521,-0.588455,0.088326,-97.362,1.04712,26.5133
87.0917,79.911,-4.31094,1257.75,119.527,-88.0658,7.7566,-2.92751,3651,0.00507,-88.0658,0.005488,84.4108,992.59,-2.87732,-1.8223,0.89962,-98.0018,0.915067,24.1896
83.7775,78.6017,-1.94798,1245.27,120.963,-88.0658,6.52577,-2.92751,3651,0.00195,-88.0658,0.004704,84.4461,993.226,-2.11228,-2.50295,-1.13001,-96.6978,1.0458,21.4389
81.9977,78.7653,-2.66307,1230.51,123.815,-88.0658,6.18091,-3.05026,3651,-0.00351,-88.0658,0.002548,84.336,995.39,-1.04469,-1.59976,0.600758,-97.5364,1.05069,23.7164
84.1662,78.6835,-1.7323,1219.37,123.887,-88.0658,6.5699,-3.15255,3651,-0.00624001,-88.0658,0.003332,84.1672,995.272,-0.470645,0.31533,1.73964,-97.5021,1.0873,23.8751
84.2071,79.1949,-2.04271,1208.25,125.462,-88.0658,7.31524,-3.43896,3651,-0.00858003,-88.0658,0.004312,84.1599,996.706,-0.345072,0.99923,3.19503,-98.7663,1.07331,25.8314
86.0075,81.1589,-3.01259,1203.31,122.849,-88.0658,5.94969,-4.40049,3651,-0.00506997,-88.0658,0.003724,84.1551,995.533,-0.858545,0.689568,-0.781652,-96.7051,1.04789,22.0195
89.9149,84.1049,-5.57448,1190.6,125.235,-88.0658,5.47376,-3.80721,3651,0.00273,-88.0658,0.005488,84.0589,996.641,-1.54157,1.81298,-0.614623,-96.7024,0.944728,21.7805
85.5983,80.0951,-5.84126,1187.57,123.114,-88.0658,7.01744,-5.09606,3651,0.01014,-88.0658,0.004508,83.8994,996.345,-2.06665,1.83266,2.53621,-97.1385,0.947967,23.0091
85.8642,83.2661,-4.77588,1178.01,120.956,-88.0658,8.11454,-4.27774,3651,0.00897,-88.0658,0.003136,83.8351,995.69,-2.32417,0.646588,3.05433,-98.7589,0.92998,22.1395
87.3372,82.1613,-2.42601,1171.26,118.869,-88.0658,6.46467,-4.31866,3651,0.00936,-88.0658,0.001568,83.3474,995.385,-2.83605,0.553536,-0.578262,-96.5464,0.982268,17.5316
89.0761,83.4093,-3.55244,1162.75,119.308,-88.0658,4.83026,-0.758965,3651,0.00663,-88.0658,0.001372,83.065,995.655,-3.33842,0.143084,-0.511293,-95.7302,0.93299,13.4367
89.8126,81.0975,-2.39738,1153.6,122.989,-88.0658,2.86363,-2.04782,3651,0.00156,-88.0658,0.001372,83.1441,997.472,-2.46605,-0.490518,-1.91507,-93.1175,1.05028,13.4942
86.0075,81.0157,-3.29302,1135.16,126.351,-88.0658,3.30629,-4.09362,3651,0.00234,-88.0658,0.002156,83.2901,999.643,-1.51548,-0.168238,1.53975,-94.3368,1.08592,16.389
88.6465,84.023,-6.65516,1127.45,125.792,-88.0658,4.73991,-4.35957,3651,0.01053,-88.0658,0.000784,83.4129,999.331,-1.81642,1.02693,2.48055,-94.7916,0.967346,18.212
84.2276,81.7931,-4.57464,1122.43,125.225,-88.0658,7.77743,-2.31377,3651,0.0156,-88.0658,-0.000783997,82.4094,999.624,-1.54266,0.945611,3.76639,-98.2584,0.993512,20.8556
86.0279,80.361,-5.73966,1113.72,126.223,-88.0658,8.23237,-4.89148,3651,0.02028,-88.0658,0.000392,81.7499,1000.19,-1.90477,-0.880936,1.60495,-97.8866,1.00881,22.4148
86.8258,82.325,-7.10673,1106.31,126.788,-88.0658,7.47064,-3.99133,3650,0.02418,-88.0658,-0.00176399,81.5798,1000.51,-2.5294,-1.00878,-0.379859,-98.1228,0.923559,21.5366
85.1073,78.7449,-6.0418,1098.01,129.759,-88.0658,6.77806,-6.15988,3651,0.02535,-88.0658,-0.00215598,81.4604,1002.48,-2.27479,-2.28377,0.0510341,-96.9736,1.03874,23.0779
84.2071,79.2768,-7.27662,1086.23,129.346,-88.0658,6.04533,-5.44385,3651,0.03003,-88.0658,-0.00450798,81.1919,1002.31,-3.60463,-2.42139,0.0369292,-97.5239,0.952715,22.2462
85.0255,79.2563,-8.88454,1074.44,125.174,-88.0658,5.27495,-4.85056,3651,0.02769,-88.0658,-0.00117599,78.8689,1001.32,-4.46418,-1.76668,-0.364899,-96.3641,0.915058,19.0707
86.0893,79.154,-5.67608,1064.77,122.339,-88.0658,5.20097,-3.39804,3651,0.01482,-88.0658,-0.00117599,78.9477,1000.33,-4.47819,-0.325638,2.05618,-97.3201,0.891533,15.0027
82.059,76.1467,-3.97513,1047.26,130.975,-88.0658,3.91988,-3.56171,3651,0.01053,-88.0658,8.28548e-16,80.7481,1004.35,-3.34135,-1.13144,-0.592639,-95.3719,1.15235,19.235
86.1916,80.852,-8.65881,1036.92,132.751,-88.0658,3.60589,-4.99377,3651,0.00507,-88.0658,0.000392,81.5872,1005.7,-3.53115,1.59754,0.292627,-96.0397,0.998312,22.9932
87.9305,79.9928,-7.34202,1028.14,133.975,-88.0658,4.71006,-5.19835,3651,0.01365,-88.0658,-0.000391977,81.9442,1006.34,-3.24134,3.54828,2.62655,-95.8007,1.04956,24.9166
88.2374,82.5705,-8.04009,1018.75,132.129,-88.0658,5.39504,-6.69178,3651,0.01911,-88.0658,-0.00156798,80.8237,1006.33,-2.63174,3.63615,2.56874,-96.644,1.01408,25.5703
84.8823,84.4117,-10.0069,1011.78,127.038,-88.0658,5.32337,-4.70736,3651,0.02691,-88.0658,-0.000783997,78.4728,1003.85,-3.56644,0.204704,-0.24422,-95.096,0.850467,21.3059
82.4273,79.0313,-4.7489,1001.57,124.683,-88.0658,5.55733,-4.64598,3651,0.02145,-88.0658,0.000196,78.2243,1003.6,-3.13314,-2.84189,1.11361,-96.4997,1.00292,19.1965
82.55,78.0288,-6.62283,984.818,126.991,-88.0658,4.99648,-2.86614,3651,0.01248,-88.0658,-0.003724,79.9817,1005.2,-3.58738,-3.6416,0.429144,-95.5889,1.0022,19.9713
86.6007,79.3586,-8.41904,975.794,128.047,-88.0658,6.07736,-5.11652,3652,0.00195,-88.0658,-0.000979977,81.4737,1005.89,-3.38007,-0.538509,-5.53988,-98.0064,0.919861,23.316
83.8389,80.6679,-5.45608,965.347,126.103,-88.0658,7.94729,-3.00934,3651,-0.02184,-88.0658,-0.000783997,81.4579,1005.41,-2.8958,1.47895,-28.0255,-98.7393,1.0201,23.9297
90.1195,82.3046,-7.23844,953.117,127.028,-88.0658,8.38611,-2.17057,3651,-0.03237,-88.0658,-0.00156798,80.2729,1006.37,-2.44579,2.48083,-3.50893,-99.8224,0.95944,25.5163
85.23,82.5091,-3.59421,946.172,123.905,-88.0658,8.25348,-2.8866,3651,-0.04797,-88.0658,-0.000783997,79.5078,1005.47,-1.63606,0.540352,-12.7744,-98.2907,1.04516,23.8692
85.5574,79.1131,-1.36289,938.049,121.537,-88.0658,7.6073,-4.21637,3651,-0.05733,-88.0658,-0.00176399,80.1477,1004.48,-0.420007,-1.59812,-11.2686,-98.9509,1.09843,21.1496
87.3577,79.3586,-1.64758,930.1,116.885,-88.0658,6.71419,-3.4185,3651,-0.05226,-88.0658,-0.00176399,81.0091,1002.82,-0.317603,-0.922543,-7.31536,-97.3535,0.999255,16.9457
87.91,81.1794,0.966415,920.104,118.878,-88.0658,6.60859,-2.17057,3651,-0.03822,-88.0658,-0.002548,83.1392,1004.47,-0.716869,1.64685,-16.9746,-98.4344,1.04341,17.2291
86.8053,81.7113,-4.48508,907.573,120.826,-88.0658,6.0455,-4.91194,3651,-0.03627,-88.0658,-0.000391977,85.566,1005.68,-1.28705,2.19371,8.55865,-96.5024,0.976538,17.8564
90.8355,85.6801,-3.98431,903.609,121.711,-88.0658,5.76597,-3.99133,3651,-0.02301,-88.0658,-0.00529199,81.8043,1006.16,-1.28348,1.95871,-6.85946,-96.9728,0.936926,18.2935
84.5958,85.2505,-1.64742,895.587,117.713,-88.0658,6.31522,-2.47744,3651,-0.02379,-88.0658,-0.00568398,77.7994,1004.42,-1.1468,-0.38815,8.64192,-96.0316,1.00739,16.4796
88.0737,73.5894,-1.53289,885.615,117.077,-88.0658,5.78451,-2.84568,3651,-0.01989,-88.0658,-0.00450798,81.8107,1004.65,-1.18903,-2.27242,-27.9429,-97.0735,0.959013,14.678
90.5696,84.2276,-0.923477,879.462,117.167,-88.0658,3.70706,-2.15011,3651,-0.03549,-88.0658,-0.00176399,81.3649,1004.43,-0.892535,-0.589551,7.37138,-94.268,0.985947,11.5545
82.7546,82.816,0.00332659,870.014,119.849,-88.0658,3.38717,-3.64354,3651,-0.03237,-88.0658,-0.004312,85.6073,1006.6,-0.749611,-0.825117,-15.7246,-95.2976,1.03176,12.2443
85.5983,81.9977,-3.41004,856.075,123.342,-88.0658,2.48817,-3.62308,3651,-0.02379,-88.0658,-0.00862397,85.2338,1007.72,-1.10572,-1.1178,-10.7109,-93.3595,1.04852,15.1224
87.7668,81.4453,-5.54826,847.568,121.056,-88.0658,2.41283,-3.15255,3651,-0.0156,-88.0658,-0.001372,81.7904,1007.55,-1.81064,0.931365,3.3183,-94.6521,0.876981,11.4419
84.8618,85.7415,-2.49096,837.492,122.666,-88.0658,2.90171,-4.70736,3651,-0.02106,-88.0658,-0.0049,81.1458,1008.37,-1.23543,0.641994,2.42279,-93.4515,1.02327,13.5028
88.7284,76.4536,-4.59388,826.096,118.777,-88.0658,3.74717,-1.6182,3651,-0.04641,-88.0658,-0.00450798,79.6669,1007.16,-1.35025,-0.374941,0.058565,-95.5877,0.929118,11.8556
84.8413,81.4453,-1.64302,817.243,121.071,-88.0658,4.24351,-3.25484,3651,-0.08151,-88.0658,-0.00568398,80.0421,1008.67,-0.765624,0.143616,6.29787,-94.7051,1.0208,12.9627
88.0123,74.3259,0.352238,804.579,120.914,-88.0658,4.09401,-3.4185,3651,-0.11505,-88.0658,0.001764,81.462,1009.28,-0.0233439,0.792461,-12.9582,-95.9811,1.09828,13.7731
87.6441,88.1351,-3.19502,790.884,122.133,-88.0658,3.50826,0.959507,3651,-0.19227,-88.0658,-0.000391977,81.5392,1010.55,-1.20045,0.387734,-13.1828,-93.7648,1.00169,13.3421
82.059,75.1443,-3.37608,779.585,121.754,-88.0658,3.25477,-1.39316,3651,-0.19773,-88.0658,-0.00940798,77.173,1010.7,-1.15811,-1.52399,4.2503,-95.1274,1.02559,13.3927
86.6621,80.6884,-4.04594,771.859,123.504,-88.0658,2.59316,-1.90461,3651,-0.12909,-88.0658,-0.00529199,70.2701,1010.74,-0.622057,0.0489193,1.49978,-93.2437,1.05555,14.4699
